0.0001	0.9978898197871092
0.00010193734859388727	0.9978900634928973
0.00010391223038351694	0.9978905791468714
0.00010592537251772889	0.9978914930909726
0.00010797751623277097	0.9978928318387608
0.00011006941712522095	0.9978945615279552
0.00011220184543019636	0.9978966462720215
0.00011437558630495383	0.9978990488234373
0.00011659144011798318	0.9979017305015181
0.00011885022274370184	0.9979046376384758
0.00012115276586285886	0.9979076442074459
0.00012349991726875849	0.9979105961629863
0.00012589254117941674	0.9979133329956092
0.00012833151855576512	0.9979156874253092
0.00013081774742601944	0.9979174851866043
0.0001333521432163324	0.9979186256607261
0.00013593563908785255	0.9979192298954995
0.0001385691862803128	0.9979194629223906
0.00014125375446227546	0.997919496590493
0.00014399033208816332	0.9979195099048254
0.00014677992676220695	0.9979196877875292
0.00014962356560944336	0.9979201273407281
0.0001525222956539019	0.9979207806684526
0.00015547718420411735	0.9979215850867872
0.00015848931924611134	0.9979224753769131
0.00016155980984398742	0.9979233836552359
0.00016468978654828685	0.9979242404743847
0.00016788040181225602	0.9979249970683444
0.00017113283041617804	0.9979256238613048
0.00017444826989992541	0.9979260907749081
0.0001778279410038923	0.9979263664480965
0.00018127308811846987	0.9979264181768396
0.00018478497974222914	0.9979262489768589
0.00018836490894898008	0.9979261848978002
0.00019201419386388017	0.9979267321918156
0.000195734178148766	0.9979284198672486
0.00019952623149688798	0.9979317994647455
0.0002033917501372292	0.9979374461892354
0.0002073321573485955	0.997945688111837
0.00021134890398366465	0.9979556390122033
0.0002154434690031884	0.9979660290485489
0.00021961736002054362	0.9979755350422812
0.00022387211385683394	0.9979827778239654
0.00022820929710674505	0.9979863221189479
0.00023263050671536262	0.9979854829189262
0.0002371373705661655	0.9979815200444249
0.00024173154808041037	0.9979760395714081
0.0002464147308281282	0.9979707145747964
0.000251188643150958	0.9979672884674814
0.00025605504279704763	0.9979675491651806
0.00026101572156825363	0.9979720763137153
0.000266072505979881	0.9979797089279714
0.00027122725793320287	0.9979891103197894
0.0002764818754010107	0.9979988879318502
0.0002818382931264454	0.9980075904669405
0.00028729848333536653	0.9980137892533081
0.0002928644564625237	0.998017313578672
0.00029853826189179595	0.99801903412954
0.00030432198871077214	0.9980198864738984
0.00031021776647995015	0.9980208454226585
0.00031622776601683794	0.9980229270185689
0.0003223542001952463	0.9980270754091167
0.0003285993247600654	0.9980334164523251
0.00033496543915782767	0.9980416936763428
0.0003414548873833602	0.9980516384166326
0.0003480700588428411	0.9980629709852251
0.0003548133892335755	0.9980754000586897
0.00036168736144081594	0.9980885783060758
0.0003686945064519575	0.9981019720004058
0.0003758374042884442	0.9981149826060234
0.00038311868495572875	0.9981269859538483
0.000390541029411638	0.9981373309433378
0.0003981071705534972	0.9981453412207939
0.00040581989422437985	0.9981508282264718
0.0004136820402388507	0.9981547002988284
0.00042169650342858224	0.9981580460231076
0.00042986623470822773	0.9981620002183851
0.0004381942421619437	0.9981677463184476
0.00044668359215096316	0.9981764888764023
0.0004553374104426249	0.9981884835457043
0.00046415888336127795	0.9982027779395667
0.00047315125896148046	0.9982183060633074
0.00048231784822393067	0.9982339564888467
0.0004916620262745643	0.9982485699887432
0.0005011872336272722	0.998261045167645
0.0005108969774506927	0.9982716451420517
0.0005207948328595463	0.9982816379822321
0.0005308844442309884	0.9982923665410968
0.0005411695265464636	0.9983052318060749
0.0005516538667595579	0.9983216959446026
0.0005623413251903491	0.9983430073874761
0.0005732358369467714	0.9983686828307594
0.0005843414133735176	0.9983975115266057
0.0005956621435290105	0.9984282290825954
0.0006072021956909885	0.9984595162510973
0.0006189658188912605	0.9984899960344111
0.0006309573444801933	0.9985186087893845
0.0006431811877215088	0.998545537413563
0.0006556418494179789	0.9985712464447225
0.0006683439175686147	0.9985962199131332
0.0006812920690579613	0.998620962416989
0.0006944910713781213	0.9986459990862562
0.0007079457843841379	0.9986717571006716
0.0007216611620833882	0.998698455725191
0.0007356422544596414	0.9987262990646557
0.0007498942093324559	0.9987555003916742
0.0007644222742526003	0.9987862826361952
0.0007792317984341941	0.9988188688085787
0.0007943282347242815	0.998853228429848
0.000809717141610562	0.9988890457505285
0.0008254041852680184	0.9989259768148206
0.0008413951416451951	0.9989636619594783
0.0008576958985908942	0.9990017249208972
0.0008743124580220736	0.9990398132164082
0.0008912509381337456	0.9990780122728216
0.0009085175756516868	0.9991166929974877
0.0009261187281287935	0.9991562468459854
0.0009440608762859234	0.9991970827778847
0.0009623506263980886	0.9992396282232587
0.0009809947127268773	0.99928421054367
0.001	0.9993305070817021
0.0010193734859388728	0.9993779500588585
0.0010391223038351694	0.9994259447470425
0.001059253725177289	0.9994738681195858
0.0010797751623277097	0.9995210674589501
0.0011006941712522094	0.9995671315801732
0.0011220184543019637	0.9996124396955459
0.0011437558630495383	0.9996575376590092
0.0011659144011798316	0.9997029964255465
0.0011885022274370184	0.9997494135246306
0.0012115276586285885	0.9997974087495048
0.001234999172687585	0.9998472172904042
0.0012589254117941673	0.9998983999759548
0.001283315185557651	0.999950431628964
0.0013081774742601943	1.000002760683695
0.001333521432163324	1.0000548075901297
0.0013593563908785257	1.000105984358059
0.0013856918628031279	1.0001561183668832
0.0014125375446227546	1.0002054528261082
0.001439903320881633	1.000254258779046
0.0014677992676220694	1.000302819800541
0.0014962356560944334	1.0003514327672873
0.0015252229565390191	1.0004003538011994
0.0015547718420411735	1.0004493364194742
0.0015848931924611134	1.0004978384322478
0.001615598098439874	1.000545286220014
0.0016468978654828683	1.0005910756550076
0.0016788040181225602	1.0006345702430708
0.0017113283041617806	1.0006752483576888
0.001744482698999254	1.0007132809702475
0.001778279410038923	1.0007490638299108
0.0018127308811846988	1.0007830116408805
0.0018478497974222913	1.000815559264533
0.0018836490894898006	1.0008471623990145
0.0019201419386388017	1.0008780175663394
0.00195734178148766	1.0009075982622226
0.00199526231496888	1.0009352317087707
0.002033917501372292	1.0009602079524802
0.0020733215734859553	1.000981777503519
0.0021134890398366466	1.000999154928104
0.002154434690031884	1.0010118185093988
0.002196173600205436	1.0010196667248752
0.0022387211385683395	1.0010226260547306
0.0022820929710674503	1.001020617000538
0.0023263050671536263	1.0010135538292815
0.0023713737056616554	1.001001325012233
0.0024173154808041037	1.0009834800499968
0.002464147308281282	1.00095926159556
0.0025118864315095803	1.0009278591871247
0.0025605504279704763	1.000888414624339
0.0026101572156825366	1.0008400189516664
0.0026607250597988096	1.0007818379863933
0.0027122725793320285	1.0007140217020858
0.002764818754010107	1.0006372263830388
0.002818382931264454	1.0005521487648124
0.002872984833353665	1.0004595258904054
0.002928644564625237	1.0003601380882965
0.0029853826189179594	1.0002544104743218
0.0030432198871077217	1.000141105225749
0.0031021776647995013	1.0000184664478944
0.0031622776601683794	0.9998846319497239
0.003223542001952463	0.9997376262239963
0.0032859932476006545	0.9995753569547627
0.003349654391578277	0.9993964587055976
0.0034145488738336017	0.9992014302193882
0.003480700588428411	0.9989910715114249
0.003548133892335755	0.9987662337800391
0.0036168736144081594	0.9985278231656214
0.003686945064519575	0.9982767636797029
0.003758374042884442	0.998012484080016
0.0038311868495572877	0.9977323659115338
0.00390541029411638	0.9974334931440618
0.003981071705534972	0.9971127652602516
0.0040581989422437985	0.9967668851794744
0.004136820402388507	0.9963925670765162
0.004216965034285822	0.9959894511351453
0.004298662347082277	0.9955595025533176
0.004381942421619437	0.9951048739457203
0.004466835921509631	0.99462786242575
0.0045533741044262496	0.9941309196966145
0.004641588833612779	0.993615623399053
0.004731512589614805	0.9930764898269725
0.004823178482239307	0.992504681316149
0.004916620262745643	0.9918908265392978
0.005011872336272723	0.9912333781955773
0.005108969774506928	0.990575445982311
0.005207948328595463	0.9899418098777716
0.005308844442309883	0.9892087638290556
0.005411695265464637	0.9884545689460665
0.00551653866759558	0.987715662700249
0.005623413251903491	0.9869115619933209
0.005732358369467714	0.986017009221289
0.0058434141337351765	0.9852203871738858
0.005956621435290105	0.9842751759337088
0.006072021956909886	0.9833319853563064
0.006189658188912606	0.9823428684108391
0.006309573444801933	0.9813452194438972
0.006431811877215088	0.9802754113432881
0.006556418494179789	0.9791970170098208
0.006683439175686146	0.9780760807756989
0.006812920690579613	0.9768837545880741
0.006944910713781213	0.975697546494555
0.0070794578438413795	0.9744406121749339
0.007216611620833883	0.9732181888874498
0.007356422544596414	0.9718657900968043
0.007498942093324559	0.9705707536563328
0.0076442227425260025	0.9692020847388011
0.007792317984341941	0.9677739330305809
0.007943282347242816	0.9662851092304886
0.008097171416105619	0.9648169708353915
0.008254041852680184	0.9632755141826691
0.008413951416451952	0.9617326927060221
0.008576958985908942	0.960122875273464
0.008743124580220736	0.9584816117272159
0.008912509381337455	0.9567945652032205
0.009085175756516867	0.9550915160070815
0.009261187281287935	0.9538209189723205
0.009440608762859234	0.9520672953440178
0.009623506263980886	0.9502744341975942
0.009809947127268773	0.9484799120411387
0.01	0.9466073659801647
0.010193734859388728	0.944715940828361
0.010391223038351695	0.9428250520416704
0.01059253725177289	0.9408844150935737
0.010797751623277098	0.9389549161295652
0.011006941712522096	0.936905694828695
0.011220184543019637	0.9349058006896023
0.011437558630495384	0.9328401409069114
0.011659144011798317	0.9307753321470456
0.011885022274370183	0.9286255803627161
0.012115276586285886	0.926390590012112
0.012349991726875849	0.9243006327128633
0.012589254117941673	0.9220904769925842
0.012833151855576512	0.9199128195672595
0.013081774742601943	0.9176923684943268
0.01333521432163324	0.9154462103407119
0.013593563908785257	0.9131825324701812
0.013856918628031279	0.9109091291634034
0.014125375446227545	0.9086254719061237
0.01439903320881633	0.9063515598052486
0.014677992676220695	0.9040784338344324
0.014962356560944336	0.9017700700923887
0.015252229565390192	0.8994281806732335
0.015547718420411735	0.8970560992108615
0.015848931924611134	0.8947157778514547
0.01615598098439874	0.8923051896412131
0.016468978654828683	0.8899375897341549
0.016788040181225605	0.8875702077551015
0.017113283041617806	0.8851583394378807
0.01744482698999254	0.8827161711896663
0.01778279410038923	0.8803118772595951
0.018127308811846987	0.8778762285269818
0.018478497974222914	0.8754641273084318
0.018836490894898007	0.8730256621774277
0.019201419386388016	0.8705589259878705
0.019573417814876603	0.8680787790610838
0.0199526231496888	0.8656435939525012
0.02033917501372292	0.8631341708223372
0.02073321573485955	0.8607319033531862
0.021134890398366468	0.8582369338236338
0.02154434690031884	0.8557391632568365
0.021961736002054363	0.8532996112845908
0.022387211385683396	0.8508281381917768
0.022820929710674506	0.8483082705543828
0.023263050671536264	0.8457830518412562
0.023713737056616554	0.8433155066152247
0.02417315480804104	0.8408896252912562
0.02464147308281282	0.8383602365427968
0.0251188643150958	0.8358992720453237
0.02560550427970476	0.8333471755267493
0.026101572156825365	0.8309053367434384
0.0266072505979881	0.8283292203707608
0.027122725793320285	0.8258243410780026
0.027648187540101073	0.823291351714337
0.02818382931264454	0.8207280431103712
0.028729848333536652	0.8181903406076523
0.02928644564625237	0.8157142372934825
0.029853826189179596	0.813109959584479
0.030432198871077218	0.8105582532805918
0.031021776647995016	0.8079535894056569
0.0316227766016838	0.8053866728623421
0.03223542001952463	0.8028168740045684
0.03285993247600654	0.8001708930854675
0.033496543915782766	0.7975866802897988
0.03414548873833602	0.7950552639250864
0.03480700588428411	0.7924027845690943
0.03548133892335755	0.7898198206166317
0.036168736144081594	0.7872281605337338
0.03686945064519575	0.7846511331973555
0.03758374042884442	0.7820960798851008
0.03831186849557288	0.7795455438504486
0.0390541029411638	0.7770098518273556
0.03981071705534972	0.7744947531272484
0.040581989422437986	0.7719959257008676
0.04136820402388507	0.7695203512784138
0.042169650342858224	0.7670803812777797
0.04298662347082277	0.7646846291109478
0.04381942421619437	0.7623116799144857
0.04466835921509632	0.759989800859071
0.0455337410442625	0.7576687470029723
0.046415888336127795	0.755396034388245
0.04731512589614805	0.7531683237496652
0.04823178482239307	0.7509692755049303
0.04916620262745643	0.7488242321775233
0.05011872336272723	0.7466979686239998
0.051089697745069274	0.7446168929389689
0.05207948328595463	0.7425570622697608
0.05308844442309884	0.7405226397788783
0.05411695265464637	0.7385054330597328
0.0551653866759558	0.7365174869976053
0.05623413251903491	0.7345585565868376
0.05732358369467714	0.7326105693647335
0.058434141337351767	0.7306687300117624
0.05956621435290105	0.7287457983437895
0.06072021956909886	0.726837359527066
0.06189658188912606	0.724934768653629
0.06309573444801933	0.7230767554340384
0.06431811877215088	0.7212046312588365
0.06556418494179789	0.7194662500612913
0.06683439175686147	0.7171751213815446
0.06812920690579613	0.7159114494464003
0.06944910713781213	0.7140597989393299
0.07079457843841379	0.7123419645968376
0.07216611620833883	0.7106442586422929
0.07356422544596414	0.7090078253195176
0.07498942093324559	0.7073715360707216
0.07644222742526002	0.705739598632769
0.07792317984341941	0.7041416899311116
0.07943282347242815	0.7025637984574348
0.0809717141610562	0.7009877302142947
0.08254041852680184	0.6993785613015236
0.08413951416451952	0.697782453521002
0.08576958985908942	0.6961864726791707
0.08743124580220736	0.6945364161454577
0.08912509381337456	0.6929207379939338
0.09085175756516868	0.6912899004344687
0.09261187281287936	0.6896751267086849
0.09440608762859234	0.6880637541450921
0.09623506263980885	0.6865546272634977
0.09809947127268774	0.6850369309546086
0.1	0.6835405434059153
0.10193734859388727	0.6822686402775059
0.10391223038351693	0.6809299006496445
0.10592537251772889	0.6795653158329992
0.10797751623277096	0.6782647028278735
0.11006941712522095	0.6769826756155533
0.11220184543019636	0.675617329784911
0.11437558630495383	0.6742865907924454
0.11659144011798317	0.6727988264370532
0.11885022274370183	0.6714617901165073
0.12115276586285885	0.6701411181797833
0.12349991726875849	0.6687454790115148
0.12589254117941673	0.6674111130203054
0.1283315185557651	0.6662289242635915
0.13081774742601943	0.665050229286149
0.1333521432163324	0.66391136120026
0.13593563908785256	0.6630018258378098
0.13856918628031278	0.6620108454179853
0.14125375446227545	0.660850250468455
0.1439903320881633	0.6598195595329329
0.14677992676220694	0.6586798420698438
0.14962356560944334	0.6573535242181973
0.1525222956539019	0.6562010051266817
0.15547718420411735	0.654944289875005
0.15848931924611134	0.6536455674753824
0.1615598098439874	0.6525178334043016
0.16468978654828684	0.6513772690558645
0.16788040181225602	0.650246778221802
0.17113283041617805	0.6492393378694863
0.1744482698999254	0.6482227996925553
0.1778279410038923	0.64728552931987
0.18127308811846987	0.6464496702469694
0.18478497974222913	0.6456535803438548
0.18836490894898006	0.6450347775667398
0.19201419386388016	0.6444750466795369
0.195734178148766	0.6439245420506062
0.19952623149688797	0.6432838442410767
0.20339175013722918	0.6424495889427069
0.2073321573485955	0.6415367229625967
0.21134890398366465	0.6403489520862498
0.2154434690031884	0.6391931918933419
0.2196173600205436	0.637868159353348
0.22387211385683395	0.6367688176362628
0.22820929710674503	0.6357031346337471
0.23263050671536262	0.6347629599258837
0.23713737056616552	0.6340584798049353
0.24173154808041036	0.6335520262285013
0.24641473082812818	0.6331791217564192
0.251188643150958	0.632917939755035
0.2560550427970476	0.6326188788614505
0.26101572156825364	0.6322067347873692
0.26607250597988097	0.6316074873848777
0.27122725793320285	0.6307337528115631
0.2764818754010107	0.6297144617917197
0.28183829312644537	0.6285994956225611
0.2872984833353665	0.6275778836243503
0.2928644564625237	0.6266132044402469
0.29853826189179594	0.6259598935506715
0.30432198871077215	0.6255104231176862
0.31021776647995014	0.6252094892256858
0.31622776601683794	0.6250743499898028
0.3223542001952463	0.6248355213438198
0.3285993247600654	0.6244105360446415
0.33496543915782767	0.6237993166577762
0.34145488738336016	0.622935866946712
0.3480700588428411	0.6220327225855109
0.35481338923357547	0.6211411347090654
0.3616873614408159	0.6204853388542148
0.3686945064519575	0.6200694010610824
0.3758374042884442	0.6198658392210128
0.38311868495572876	0.619713877874489
0.390541029411638	0.6194094066000476
0.3981071705534972	0.6189513070445019
0.40581989422437986	0.6182789341892817
0.4136820402388507	0.6175792319356802
0.4216965034285822	0.6169222204686564
0.4298662347082277	0.6164602788420048
0.4381942421619437	0.6161176786598639
0.44668359215096315	0.615883852716589
0.45533741044262493	0.6156190836645473
0.4641588833612779	0.6152217305643313
0.47315125896148047	0.614731710819774
0.48231784822393065	0.6141840757228192
0.4916620262745643	0.6136497186297353
0.5011872336272722	0.6133325543205298
0.5108969774506927	0.6130442288623502
0.5207948328595463	0.6127860232326332
0.5308844442309884	0.6124273205846795
0.5411695265464637	0.6119796696735786
0.551653866759558	0.6115611903497514
0.5623413251903491	0.6111854985654622
0.5732358369467714	0.610886565466114
0.5843414133735176	0.6106447338206056
0.5956621435290105	0.6103209101735921
0.6072021956909885	0.6099740304288975
0.6189658188912606	0.6096547885969732
0.6309573444801932	0.6093361149835422
0.6431811877215088	0.6090173252288187
0.6556418494179789	0.6087112779476757
0.6683439175686147	0.6084446365547814
0.6812920690579612	0.6082710325090918
0.6944910713781213	0.6080216038874329
0.7079457843841379	0.6076712497728838
0.7216611620833883	0.6072984981142087
0.7356422544596414	0.6069823002210799
0.7498942093324559	0.6067300670388669
0.7644222742526002	0.6065240233069765
0.7792317984341941	0.6063348066775516
0.7943282347242815	0.6061188132112936
0.809717141610562	0.605867678355811
0.8254041852680184	0.6056026104797454
0.8413951416451951	0.6053450024122669
0.8576958985908941	0.6050938624797038
0.8743124580220736	0.604847912215203
0.8912509381337456	0.6046163236435007
0.9085175756516868	0.6043911420979203
0.9261187281287935	0.6041649327084092
0.9440608762859234	0.6039420706854175
0.9623506263980885	0.6037313990306565
0.9809947127268773	0.6035530228093864
1.	0.6033996646981249
1.0193734859388728	0.6032522574280937
1.0391223038351691	0.6031045200765389
1.0592537251772889	0.6029328621439212
1.0797751623277096	0.6027215378264501
1.1006941712522096	0.6024858981197071
1.1220184543019633	0.6022571135224187
1.1437558630495384	0.6020535641601992
1.1659144011798317	0.6018772564449711
1.1885022274370185	0.601720592530762
1.2115276586285884	0.601564546835893
1.2349991726875849	0.6013825431460545
1.2589254117941673	0.6011787169163044
1.283315185557651	0.600969230412118
1.3081774742601942	0.6007740821375401
1.333521432163324	0.6006114269060137
1.3593563908785256	0.6004828744366497
1.3856918628031276	0.6003660689406166
1.4125375446227544	0.6002454630272479
1.439903320881633	0.6001016809022931
1.4677992676220695	0.5999376573640733
1.4962356560944334	0.5997712320275564
1.525222956539019	0.5996209386280051
1.5547718420411736	0.599496234790654
1.5848931924611136	0.5993969314319832
1.6155980984398741	0.599306544104993
1.6468978654828685	0.5992175717868928
1.6788040181225603	0.5991152837383652
1.7113283041617808	0.5990055535688023
1.744482698999254	0.598891432182282
1.7782794100389228	0.5987795115831
1.812730881184699	0.5986688449713732
1.847849797422291	0.5985554138812371
1.8836490894898006	0.5984344905337523
1.9201419386388017	0.5982995800710863
1.9573417814876604	0.5981517268455069
1.9952623149688795	0.5979984119738846
2.033917501372292	0.5978520318379434
2.073321573485955	0.5977239984708023
2.113489039836647	0.5976156705314799
2.154434690031884	0.5975207025138491
2.196173600205436	0.5974333582040938
2.2387211385683394	0.5973431142918999
2.2820929710674505	0.5972477130510164
2.326305067153626	0.5971474393149261
2.371373705661655	0.5970417334236509
2.417315480804104	0.5969304421853153
2.4641473082812815	0.5968129851658949
2.51188643150958	0.596691431097716
2.560550427970476	0.5965682741751088
2.610157215682537	0.5964442433497604
2.6607250597988097	0.596324216861856
2.712272579332028	0.5962153906971309
2.7648187540101072	0.5961253259017258
2.8183829312644537	0.5960546268279211
2.8729848333536645	0.5959958312768406
2.9286445646252366	0.5959377230211412
2.9853826189179595	0.5958649725102686
3.0432198871077216	0.5957699575625813
3.102177664799501	0.5956593749052046
3.1622776601683795	0.5955436272901308
3.2235420019524628	0.5954351750725493
3.285993247600655	0.5953370975441142
3.3496543915782766	0.595247416071649
3.4145488738336014	0.595163085958183
3.4807005884284106	0.5950791881386416
3.548133892335755	0.594993564933259
3.6168736144081595	0.5949082639640301
3.686945064519575	0.594825977726893
3.758374042884441	0.5947479163903676
3.831186849557288	0.5946723734370161
3.90541029411638	0.5945979360668683
3.9810717055349722	0.5945224956168518
4.058198942243798	0.5944425638613604
4.136820402388508	0.5943586967257803
4.216965034285822	0.5942739374919602
4.298662347082277	0.594192172306383
4.381942421619438	0.5941145625892279
4.466835921509632	0.5940404393377603
4.55337410442625	0.5939692958597083
4.641588833612778	0.5938999666429535
4.731512589614805	0.5938301540657074
4.823178482239307	0.5937606506550742
4.916620262745643	0.5936933022285218
5.011872336272722	0.5936298493328892
5.108969774506928	0.5935688722561211
5.207948328595464	0.593509137666407
5.3088444423098835	0.5934491629803267
5.411695265464636	0.5933862453261652
5.51653866759558	0.5933176464400931
5.623413251903491	0.5932443472532034
5.732358369467713	0.5931680572547536
5.843414133735177	0.5930901542336885
5.956621435290105	0.5930113838249103
6.072021956909885	0.5929351920234426
6.189658188912605	0.5928661128208389
6.309573444801933	0.5928070964275215
6.431811877215088	0.5927550404113633
6.5564184941797885	0.5927053888588568
6.6834391756861455	0.5926517788779285
6.812920690579613	0.5925870252375953
6.944910713781212	0.5925133219702182
7.079457843841379	0.5924379716258124
7.2166116208338815	0.592370813275427
7.3564225445964135	0.5923171710900779
7.498942093324558	0.5922731499755772
7.644222742526002	0.5922325561161319
7.792317984341942	0.5921865639922065
7.943282347242816	0.5921279315251448
8.097171416105619	0.5920596367556524
8.254041852680183	0.5919878143369859
8.413951416451951	0.5919201696990338
8.576958985908941	0.5918589017519894
8.743124580220735	0.5918028958433433
8.912509381337454	0.5917507326727471
9.085175756516868	0.5916996157544215
9.261187281287935	0.5916460508037766
9.440608762859233	0.5915922659152885
9.623506263980884	0.591538579457736
9.809947127268774	0.5914961302862017
10.	0.5914484183661177