#           k/h    P           
    0.10000E-03    0.20429E+03
    0.10202E-03    0.20829E+03
    0.10408E-03    0.21236E+03
    0.10618E-03    0.21651E+03
    0.10833E-03    0.22075E+03
    0.11052E-03    0.22506E+03
    0.11275E-03    0.22946E+03
    0.11503E-03    0.23395E+03
    0.11735E-03    0.23852E+03
    0.11972E-03    0.24319E+03
    0.12214E-03    0.24794E+03
    0.12461E-03    0.25279E+03
    0.12712E-03    0.25774E+03
    0.12969E-03    0.26278E+03
    0.13231E-03    0.26791E+03
    0.13499E-03    0.27315E+03
    0.13771E-03    0.27849E+03
    0.14049E-03    0.28394E+03
    0.14333E-03    0.28949E+03
    0.14623E-03    0.29514E+03
    0.14918E-03    0.30091E+03
    0.15220E-03    0.30680E+03
    0.15527E-03    0.31279E+03
    0.15841E-03    0.31891E+03
    0.16161E-03    0.32514E+03
    0.16487E-03    0.33149E+03
    0.16820E-03    0.33797E+03
    0.17160E-03    0.34458E+03
    0.17507E-03    0.35131E+03
    0.17860E-03    0.35818E+03
    0.18221E-03    0.36518E+03
    0.18589E-03    0.37231E+03
    0.18965E-03    0.37959E+03
    0.19348E-03    0.38700E+03
    0.19739E-03    0.39456E+03
    0.20138E-03    0.40227E+03
    0.20544E-03    0.41012E+03
    0.20959E-03    0.41812E+03
    0.21383E-03    0.42629E+03
    0.21815E-03    0.43461E+03
    0.22255E-03    0.44309E+03
    0.22705E-03    0.45174E+03
    0.23164E-03    0.46056E+03
    0.23632E-03    0.46955E+03
    0.24109E-03    0.47872E+03
    0.24596E-03    0.48806E+03
    0.25093E-03    0.49758E+03
    0.25600E-03    0.50729E+03
    0.26117E-03    0.51719E+03
    0.26645E-03    0.52727E+03
    0.27183E-03    0.53755E+03
    0.27732E-03    0.54803E+03
    0.28292E-03    0.55872E+03
    0.28864E-03    0.56961E+03
    0.29447E-03    0.58071E+03
    0.30042E-03    0.59202E+03
    0.30649E-03    0.60355E+03
    0.31268E-03    0.61531E+03
    0.31899E-03    0.62729E+03
    0.32544E-03    0.63951E+03
    0.33201E-03    0.65196E+03
    0.33872E-03    0.66465E+03
    0.34556E-03    0.67758E+03
    0.35254E-03    0.69077E+03
    0.35966E-03    0.70420E+03
    0.36693E-03    0.71790E+03
    0.37434E-03    0.73186E+03
    0.38190E-03    0.74609E+03
    0.38962E-03    0.76059E+03
    0.39749E-03    0.77536E+03
    0.40552E-03    0.79042E+03
    0.41371E-03    0.80577E+03
    0.42207E-03    0.82141E+03
    0.43060E-03    0.83735E+03
    0.43929E-03    0.85359E+03
    0.44817E-03    0.87015E+03
    0.45722E-03    0.88702E+03
    0.46646E-03    0.90421E+03
    0.47588E-03    0.92172E+03
    0.48550E-03    0.93958E+03
    0.49530E-03    0.95777E+03
    0.50531E-03    0.97630E+03
    0.51552E-03    0.99518E+03
    0.52593E-03    0.10144E+04
    0.53656E-03    0.10340E+04
    0.54739E-03    0.10540E+04
    0.55845E-03    0.10743E+04
    0.56973E-03    0.10950E+04
    0.58124E-03    0.11161E+04
    0.59299E-03    0.11376E+04
    0.60496E-03    0.11596E+04
    0.61719E-03    0.11819E+04
    0.62965E-03    0.12047E+04
    0.64237E-03    0.12279E+04
    0.65535E-03    0.12515E+04
    0.66859E-03    0.12756E+04
    0.68210E-03    0.13000E+04
    0.69588E-03    0.13249E+04
    0.70993E-03    0.13503E+04
    0.72427E-03    0.13762E+04
    0.73891E-03    0.14025E+04
    0.75383E-03    0.14293E+04
    0.76906E-03    0.14566E+04
    0.78460E-03    0.14844E+04
    0.80045E-03    0.15127E+04
    0.81662E-03    0.15415E+04
    0.83311E-03    0.15709E+04
    0.84994E-03    0.16008E+04
    0.86711E-03    0.16312E+04
    0.88463E-03    0.16622E+04
    0.90250E-03    0.16937E+04
    0.92073E-03    0.17258E+04
    0.93933E-03    0.17585E+04
    0.95831E-03    0.17917E+04
    0.97767E-03    0.18256E+04
    0.99742E-03    0.18600E+04
    0.10176E-02    0.18951E+04
    0.10381E-02    0.19308E+04
    0.10591E-02    0.19670E+04
    0.10805E-02    0.20040E+04
    0.11023E-02    0.20415E+04
    0.11246E-02    0.20798E+04
    0.11473E-02    0.21186E+04
    0.11705E-02    0.21582E+04
    0.11941E-02    0.21984E+04
    0.12182E-02    0.22393E+04
    0.12429E-02    0.22809E+04
    0.12680E-02    0.23232E+04
    0.12936E-02    0.23662E+04
    0.13197E-02    0.24100E+04
    0.13464E-02    0.24545E+04
    0.13736E-02    0.24997E+04
    0.14013E-02    0.25457E+04
    0.14296E-02    0.25924E+04
    0.14585E-02    0.26399E+04
    0.14880E-02    0.26882E+04
    0.15180E-02    0.27373E+04
    0.15487E-02    0.27871E+04
    0.15800E-02    0.28377E+04
    0.16119E-02    0.28892E+04
    0.16445E-02    0.29414E+04
    0.16777E-02    0.29945E+04
    0.17116E-02    0.30484E+04
    0.17462E-02    0.31032E+04
    0.17814E-02    0.31588E+04
    0.18174E-02    0.32152E+04
    0.18541E-02    0.32725E+04
    0.18916E-02    0.33306E+04
    0.19298E-02    0.33896E+04
    0.19688E-02    0.34495E+04
    0.20086E-02    0.35103E+04
    0.20491E-02    0.35719E+04
    0.20905E-02    0.36345E+04
    0.21328E-02    0.36979E+04
    0.21758E-02    0.37623E+04
    0.22198E-02    0.38275E+04
    0.22646E-02    0.38936E+04
    0.23104E-02    0.39607E+04
    0.23571E-02    0.40286E+04
    0.24047E-02    0.40974E+04
    0.24533E-02    0.41671E+04
    0.25028E-02    0.42377E+04
    0.25534E-02    0.43092E+04
    0.26050E-02    0.43816E+04
    0.26576E-02    0.44549E+04
    0.27113E-02    0.45292E+04
    0.27660E-02    0.46043E+04
    0.28219E-02    0.46803E+04
    0.28789E-02    0.47572E+04
    0.29371E-02    0.48350E+04
    0.29964E-02    0.49137E+04
    0.30569E-02    0.49933E+04
    0.31187E-02    0.50737E+04
    0.31817E-02    0.51550E+04
    0.32460E-02    0.52371E+04
    0.33115E-02    0.53201E+04
    0.33784E-02    0.54038E+04
    0.34467E-02    0.54884E+04
    0.35163E-02    0.55738E+04
    0.35874E-02    0.56600E+04
    0.36598E-02    0.57469E+04
    0.37338E-02    0.58347E+04
    0.38092E-02    0.59231E+04
    0.38861E-02    0.60123E+04
    0.39646E-02    0.61022E+04
    0.40447E-02    0.61928E+04
    0.41264E-02    0.62841E+04
    0.42098E-02    0.63760E+04
    0.42948E-02    0.64686E+04
    0.43816E-02    0.65618E+04
    0.44701E-02    0.66556E+04
    0.45604E-02    0.67499E+04
    0.46525E-02    0.68447E+04
    0.47465E-02    0.69400E+04
    0.48424E-02    0.70358E+04
    0.49402E-02    0.71319E+04
    0.50400E-02    0.72284E+04
    0.51419E-02    0.73252E+04
    0.52457E-02    0.74223E+04
    0.53517E-02    0.75196E+04
    0.54598E-02    0.76172E+04
    0.55701E-02    0.77149E+04
    0.56826E-02    0.78129E+04
    0.57974E-02    0.79109E+04
    0.59145E-02    0.80089E+04
    0.60340E-02    0.81070E+04
    0.61559E-02    0.82050E+04
    0.62803E-02    0.83029E+04
    0.64072E-02    0.84007E+04
    0.65366E-02    0.84982E+04
    0.66686E-02    0.85954E+04
    0.68033E-02    0.86922E+04
    0.69408E-02    0.87887E+04
    0.70810E-02    0.88846E+04
    0.72240E-02    0.89800E+04
    0.73700E-02    0.90748E+04
    0.75189E-02    0.91689E+04
    0.76708E-02    0.92622E+04
    0.78257E-02    0.93546E+04
    0.79838E-02    0.94462E+04
    0.81451E-02    0.95367E+04
    0.83096E-02    0.96262E+04
    0.84775E-02    0.97145E+04
    0.86488E-02    0.98016E+04
    0.88235E-02    0.98872E+04
    0.90017E-02    0.99715E+04
    0.91836E-02    0.10054E+05
    0.93691E-02    0.10135E+05
    0.95583E-02    0.10215E+05
    0.97514E-02    0.10292E+05
    0.99484E-02    0.10368E+05
    0.10149E-01    0.10441E+05
    0.10354E-01    0.10513E+05
    0.10564E-01    0.10582E+05
    0.10777E-01    0.10649E+05
    0.10995E-01    0.10713E+05
    0.11217E-01    0.10775E+05
    0.11443E-01    0.10834E+05
    0.11675E-01    0.10890E+05
    0.11910E-01    0.10943E+05
    0.12151E-01    0.10993E+05
    0.12397E-01    0.11040E+05
    0.12647E-01    0.11084E+05
    0.12902E-01    0.11125E+05
    0.13163E-01    0.11162E+05
    0.13429E-01    0.11195E+05
    0.13700E-01    0.11225E+05
    0.13977E-01    0.11250E+05
    0.14259E-01    0.11272E+05
    0.14547E-01    0.11289E+05
    0.14841E-01    0.11302E+05
    0.15141E-01    0.11311E+05
    0.15447E-01    0.11315E+05
    0.15759E-01    0.11315E+05
    0.16077E-01    0.11310E+05
    0.16402E-01    0.11300E+05
    0.16734E-01    0.11286E+05
    0.17072E-01    0.11266E+05
    0.17416E-01    0.11242E+05
    0.17768E-01    0.11212E+05
    0.18127E-01    0.11177E+05
    0.18493E-01    0.11137E+05
    0.18867E-01    0.11091E+05
    0.19248E-01    0.11040E+05
    0.19637E-01    0.10984E+05
    0.20034E-01    0.10923E+05
    0.20438E-01    0.10856E+05
    0.20851E-01    0.10784E+05
    0.21272E-01    0.10707E+05
    0.21702E-01    0.10624E+05
    0.22141E-01    0.10536E+05
    0.22588E-01    0.10442E+05
    0.23044E-01    0.10344E+05
    0.23510E-01    0.10240E+05
    0.23985E-01    0.10132E+05
    0.24469E-01    0.10019E+05
    0.24964E-01    0.99016E+04
    0.25468E-01    0.97797E+04
    0.25982E-01    0.96536E+04
    0.26507E-01    0.95235E+04
    0.27043E-01    0.93898E+04
    0.27589E-01    0.92526E+04
    0.28146E-01    0.91123E+04
    0.28715E-01    0.89692E+04
    0.29295E-01    0.88234E+04
    0.29887E-01    0.86756E+04
    0.30490E-01    0.85259E+04
    0.31106E-01    0.83748E+04
    0.31735E-01    0.82225E+04
    0.32376E-01    0.80696E+04
    0.33030E-01    0.79163E+04
    0.33697E-01    0.77632E+04
    0.34378E-01    0.76106E+04
    0.35072E-01    0.74588E+04
    0.35781E-01    0.73084E+04
    0.36504E-01    0.71598E+04
    0.37241E-01    0.70134E+04
    0.37993E-01    0.68696E+04
    0.38761E-01    0.67288E+04
    0.39544E-01    0.65912E+04
    0.40343E-01    0.64570E+04
    0.41158E-01    0.63264E+04
    0.41989E-01    0.61995E+04
    0.42838E-01    0.60764E+04
    0.43703E-01    0.59577E+04
    0.44586E-01    0.58438E+04
    0.45486E-01    0.57350E+04
    0.46405E-01    0.56317E+04
    0.47343E-01    0.55339E+04
    0.48299E-01    0.54413E+04
    0.49275E-01    0.53532E+04
    0.50270E-01    0.52694E+04
    0.51286E-01    0.51893E+04
    0.52322E-01    0.51126E+04
    0.53379E-01    0.50393E+04
    0.54457E-01    0.49689E+04
    0.55557E-01    0.49012E+04
    0.56680E-01    0.48355E+04
    0.57825E-01    0.47711E+04
    0.58993E-01    0.47071E+04
    0.60184E-01    0.46431E+04
    0.61400E-01    0.45782E+04
    0.62641E-01    0.45119E+04
    0.63906E-01    0.44435E+04
    0.65197E-01    0.43726E+04
    0.66514E-01    0.42983E+04
    0.67858E-01    0.42200E+04
    0.69229E-01    0.41375E+04
    0.70627E-01    0.40503E+04
    0.72054E-01    0.39584E+04
    0.73510E-01    0.38615E+04
    0.74994E-01    0.37601E+04
    0.76509E-01    0.36543E+04
    0.78055E-01    0.35447E+04
    0.79632E-01    0.34321E+04
    0.81241E-01    0.33173E+04
    0.82882E-01    0.32013E+04
    0.84556E-01    0.30851E+04
    0.86264E-01    0.29698E+04
    0.88007E-01    0.28567E+04
    0.89785E-01    0.27467E+04
    0.91598E-01    0.26412E+04
    0.93449E-01    0.25411E+04
    0.95337E-01    0.24475E+04
    0.97263E-01    0.23610E+04
    0.99227E-01    0.22822E+04
    0.10123E+00    0.22115E+04
    0.10328E+00    0.21485E+04
    0.10536E+00    0.20932E+04
    0.10749E+00    0.20446E+04
    0.10966E+00    0.20018E+04
    0.11188E+00    0.19638E+04
    0.11414E+00    0.19290E+04
    0.11644E+00    0.18963E+04
    0.11880E+00    0.18640E+04
    0.12120E+00    0.18308E+04
    0.12365E+00    0.17951E+04
    0.12614E+00    0.17559E+04
    0.12869E+00    0.17122E+04
    0.13129E+00    0.16635E+04
    0.13394E+00    0.16101E+04
    0.13665E+00    0.15525E+04
    0.13941E+00    0.14916E+04
    0.14223E+00    0.14287E+04
    0.14510E+00    0.13652E+04
    0.14803E+00    0.13025E+04
    0.15102E+00    0.12424E+04
    0.15407E+00    0.11865E+04
    0.15718E+00    0.11360E+04
    0.16036E+00    0.10919E+04
    0.16360E+00    0.10543E+04
    0.16690E+00    0.10227E+04
    0.17028E+00    0.99612E+03
    0.17371E+00    0.97314E+03
    0.17722E+00    0.95233E+03
    0.18080E+00    0.93223E+03
    0.18446E+00    0.91128E+03
    0.18818E+00    0.88805E+03
    0.19198E+00    0.86155E+03
    0.19586E+00    0.83148E+03
    0.19982E+00    0.79840E+03
    0.20386E+00    0.76346E+03
    0.20797E+00    0.72813E+03
    0.21218E+00    0.69387E+03
    0.21646E+00    0.66199E+03
    0.22083E+00    0.63348E+03
    0.22530E+00    0.60892E+03
    0.22985E+00    0.58823E+03
    0.23449E+00    0.57074E+03
    0.23923E+00    0.55530E+03
    0.24406E+00    0.54053E+03
    0.24899E+00    0.52517E+03
    0.25402E+00    0.50832E+03
    0.25915E+00    0.48968E+03
    0.26439E+00    0.46958E+03
    0.26973E+00    0.44881E+03
    0.27518E+00    0.42843E+03
    0.28074E+00    0.40940E+03
    0.28641E+00    0.39240E+03
    0.29219E+00    0.37764E+03
    0.29810E+00    0.36475E+03
    0.30412E+00    0.35303E+03
    0.31026E+00    0.34162E+03
    0.31653E+00    0.32983E+03
    0.32292E+00    0.31735E+03
    0.32945E+00    0.30430E+03
    0.33610E+00    0.29114E+03
    0.34289E+00    0.27855E+03
    0.34982E+00    0.26697E+03
    0.35689E+00    0.25654E+03
    0.36409E+00    0.24708E+03
    0.37145E+00    0.23823E+03
    0.37895E+00    0.22946E+03
    0.38661E+00    0.22055E+03
    0.39442E+00    0.21152E+03
    0.40239E+00    0.20261E+03
    0.41052E+00    0.19411E+03
    0.41881E+00    0.18622E+03
    0.42727E+00    0.17892E+03
    0.43590E+00    0.17202E+03
    0.44471E+00    0.16531E+03
    0.45369E+00    0.15867E+03
    0.46286E+00    0.15211E+03
    0.47221E+00    0.14576E+03
    0.48174E+00    0.13975E+03
    0.49148E+00    0.13409E+03
    0.50141E+00    0.12871E+03
    0.51153E+00    0.12351E+03
    0.52187E+00    0.11843E+03
    0.53241E+00    0.11351E+03
    0.54317E+00    0.10878E+03
    0.55414E+00    0.10429E+03
    0.56533E+00    0.99987E+02
    0.57675E+00    0.95846E+02
    0.58840E+00    0.91860E+02
    0.60029E+00    0.88030E+02
    0.61242E+00    0.84351E+02
    0.62479E+00    0.80820E+02
    0.63741E+00    0.77432E+02
    0.65029E+00    0.74181E+02
    0.66342E+00    0.71061E+02
    0.67683E+00    0.68068E+02
    0.69050E+00    0.65195E+02
    0.70445E+00    0.62439E+02
    0.71868E+00    0.59795E+02
    0.73320E+00    0.57257E+02
    0.74801E+00    0.54823E+02
    0.76312E+00    0.52488E+02
    0.77854E+00    0.50248E+02
    0.79426E+00    0.48100E+02
    0.81031E+00    0.46039E+02
    0.82668E+00    0.44064E+02
    0.84338E+00    0.42170E+02
    0.86041E+00    0.40354E+02
    0.87780E+00    0.38614E+02
    0.89553E+00    0.36946E+02
    0.91362E+00    0.35347E+02
    0.93208E+00    0.33816E+02
    0.95091E+00    0.32348E+02
    0.97011E+00    0.30942E+02
    0.98971E+00    0.29595E+02
    0.10097E+01    0.28305E+02
    0.10301E+01    0.27069E+02
    0.10509E+01    0.25885E+02
    0.10721E+01    0.24751E+02
    0.10938E+01    0.23666E+02
    0.11159E+01    0.22626E+02
    0.11384E+01    0.21631E+02
    0.11614E+01    0.20678E+02
    0.11849E+01    0.19766E+02
    0.12088E+01    0.18893E+02
    0.12333E+01    0.18057E+02
    0.12582E+01    0.17257E+02
    0.12836E+01    0.16492E+02
    0.13095E+01    0.15759E+02
    0.13360E+01    0.15058E+02
    0.13630E+01    0.14387E+02
    0.13905E+01    0.13746E+02
    0.14186E+01    0.13132E+02
    0.14472E+01    0.12545E+02
    0.14765E+01    0.11983E+02
    0.15063E+01    0.11446E+02
    0.15367E+01    0.10932E+02
    0.15678E+01    0.10441E+02
    0.15994E+01    0.99710E+01
    0.16318E+01    0.95217E+01
    0.16647E+01    0.90920E+01
    0.16984E+01    0.86811E+01
    0.17327E+01    0.82884E+01
    0.17677E+01    0.79129E+01
    0.18034E+01    0.75540E+01
    0.18398E+01    0.72109E+01
    0.18770E+01    0.68830E+01
    0.19149E+01    0.65697E+01
    0.19536E+01    0.62702E+01
    0.19930E+01    0.59841E+01
    0.20333E+01    0.57108E+01
    0.20744E+01    0.54497E+01
    0.21163E+01    0.52002E+01
    0.21590E+01    0.49619E+01
    0.22026E+01    0.47342E+01
    0.22471E+01    0.45168E+01
    0.22925E+01    0.43091E+01
    0.23388E+01    0.41108E+01
    0.23861E+01    0.39213E+01
    0.24343E+01    0.37404E+01
    0.24835E+01    0.35677E+01
    0.25336E+01    0.34028E+01
    0.25848E+01    0.32453E+01
    0.26370E+01    0.30949E+01
    0.26903E+01    0.29514E+01
    0.27447E+01    0.28144E+01
    0.28001E+01    0.26835E+01
    0.28567E+01    0.25587E+01
    0.29144E+01    0.24395E+01
    0.29733E+01    0.23258E+01
    0.30333E+01    0.22173E+01
    0.30946E+01    0.21137E+01
    0.31571E+01    0.20148E+01
    0.32209E+01    0.19205E+01
    0.32860E+01    0.18306E+01
    0.33523E+01    0.17447E+01
    0.34201E+01    0.16628E+01
    0.34892E+01    0.15847E+01
    0.35596E+01    0.15101E+01
    0.36316E+01    0.14390E+01
    0.37049E+01    0.13712E+01
    0.37798E+01    0.13066E+01
    0.38561E+01    0.12449E+01
    0.39340E+01    0.11861E+01
    0.40135E+01    0.11300E+01
    0.40946E+01    0.10765E+01
    0.41773E+01    0.10255E+01
    0.42617E+01    0.97686E+00
    0.43478E+01    0.93050E+00
    0.44356E+01    0.88631E+00
    0.45252E+01    0.84418E+00
    0.46166E+01    0.80402E+00
    0.47099E+01    0.76573E+00
    0.48050E+01    0.72924E+00
    0.49021E+01    0.69446E+00
    0.50011E+01    0.66132E+00
    0.51021E+01    0.62972E+00
    0.52052E+01    0.59962E+00
    0.53104E+01    0.57093E+00
    0.54176E+01    0.54359E+00
    0.55271E+01    0.51753E+00
    0.56387E+01    0.49271E+00
    0.57526E+01    0.46905E+00
    0.58689E+01    0.44652E+00
    0.59874E+01    0.42505E+00
    0.61084E+01    0.40460E+00
    0.62318E+01    0.38511E+00
    0.63577E+01    0.36655E+00
    0.64861E+01    0.34888E+00
    0.66171E+01    0.33204E+00
    0.67508E+01    0.31600E+00
    0.68872E+01    0.30073E+00
    0.70263E+01    0.28618E+00
    0.71682E+01    0.27233E+00
    0.73130E+01    0.25914E+00
    0.74608E+01    0.24658E+00
    0.76115E+01    0.23463E+00
    0.77653E+01    0.22324E+00
    0.79221E+01    0.21240E+00
    0.80822E+01    0.20208E+00
    0.82454E+01    0.19225E+00
    0.84120E+01    0.18290E+00
    0.85819E+01    0.17399E+00
    0.87553E+01    0.16551E+00
    0.89322E+01    0.15744E+00
    0.91126E+01    0.14976E+00
    0.92967E+01    0.14245E+00
    0.94845E+01    0.13549E+00
    0.96761E+01    0.12886E+00
    0.98716E+01    0.12256E+00
    0.10071E+02    0.11655E+00
    0.10274E+02    0.11084E+00
    0.10482E+02    0.10540E+00
    0.10694E+02    0.10023E+00
    0.10910E+02    0.95309E-01
    0.11130E+02    0.90626E-01
    0.11355E+02    0.86172E-01
    0.11584E+02    0.81936E-01
    0.11818E+02    0.77907E-01
    0.12057E+02    0.74076E-01
