#           k/h    P           
    0.10000E-03    0.20419E+03
    0.10202E-03    0.20818E+03
    0.10408E-03    0.21225E+03
    0.10618E-03    0.21640E+03
    0.10833E-03    0.22063E+03
    0.11052E-03    0.22495E+03
    0.11275E-03    0.22935E+03
    0.11503E-03    0.23383E+03
    0.11735E-03    0.23841E+03
    0.11972E-03    0.24307E+03
    0.12214E-03    0.24783E+03
    0.12461E-03    0.25267E+03
    0.12712E-03    0.25761E+03
    0.12969E-03    0.26265E+03
    0.13231E-03    0.26778E+03
    0.13499E-03    0.27302E+03
    0.13771E-03    0.27835E+03
    0.14049E-03    0.28379E+03
    0.14333E-03    0.28934E+03
    0.14623E-03    0.29500E+03
    0.14918E-03    0.30076E+03
    0.15220E-03    0.30664E+03
    0.15527E-03    0.31264E+03
    0.15841E-03    0.31875E+03
    0.16161E-03    0.32497E+03
    0.16487E-03    0.33132E+03
    0.16820E-03    0.33779E+03
    0.17160E-03    0.34439E+03
    0.17507E-03    0.35112E+03
    0.17860E-03    0.35797E+03
    0.18221E-03    0.36497E+03
    0.18589E-03    0.37210E+03
    0.18965E-03    0.37936E+03
    0.19348E-03    0.38678E+03
    0.19739E-03    0.39433E+03
    0.20138E-03    0.40203E+03
    0.20544E-03    0.40988E+03
    0.20959E-03    0.41788E+03
    0.21383E-03    0.42604E+03
    0.21815E-03    0.43435E+03
    0.22255E-03    0.44283E+03
    0.22705E-03    0.45147E+03
    0.23164E-03    0.46028E+03
    0.23632E-03    0.46925E+03
    0.24109E-03    0.47841E+03
    0.24596E-03    0.48774E+03
    0.25093E-03    0.49725E+03
    0.25600E-03    0.50695E+03
    0.26117E-03    0.51684E+03
    0.26645E-03    0.52691E+03
    0.27183E-03    0.53718E+03
    0.27732E-03    0.54765E+03
    0.28292E-03    0.55832E+03
    0.28864E-03    0.56920E+03
    0.29447E-03    0.58028E+03
    0.30042E-03    0.59158E+03
    0.30649E-03    0.60309E+03
    0.31268E-03    0.61483E+03
    0.31899E-03    0.62680E+03
    0.32544E-03    0.63899E+03
    0.33201E-03    0.65142E+03
    0.33872E-03    0.66410E+03
    0.34556E-03    0.67701E+03
    0.35254E-03    0.69017E+03
    0.35966E-03    0.70358E+03
    0.36693E-03    0.71725E+03
    0.37434E-03    0.73119E+03
    0.38190E-03    0.74538E+03
    0.38962E-03    0.75985E+03
    0.39749E-03    0.77460E+03
    0.40552E-03    0.78962E+03
    0.41371E-03    0.80494E+03
    0.42207E-03    0.82054E+03
    0.43060E-03    0.83644E+03
    0.43929E-03    0.85265E+03
    0.44817E-03    0.86916E+03
    0.45722E-03    0.88598E+03
    0.46646E-03    0.90313E+03
    0.47588E-03    0.92059E+03
    0.48550E-03    0.93838E+03
    0.49530E-03    0.95651E+03
    0.50531E-03    0.97498E+03
    0.51552E-03    0.99379E+03
    0.52593E-03    0.10130E+04
    0.53656E-03    0.10325E+04
    0.54739E-03    0.10524E+04
    0.55845E-03    0.10727E+04
    0.56973E-03    0.10933E+04
    0.58124E-03    0.11144E+04
    0.59299E-03    0.11358E+04
    0.60496E-03    0.11577E+04
    0.61719E-03    0.11799E+04
    0.62965E-03    0.12025E+04
    0.64237E-03    0.12256E+04
    0.65535E-03    0.12491E+04
    0.66859E-03    0.12730E+04
    0.68210E-03    0.12974E+04
    0.69588E-03    0.13222E+04
    0.70993E-03    0.13475E+04
    0.72427E-03    0.13732E+04
    0.73891E-03    0.13994E+04
    0.75383E-03    0.14261E+04
    0.76906E-03    0.14532E+04
    0.78460E-03    0.14808E+04
    0.80045E-03    0.15090E+04
    0.81662E-03    0.15376E+04
    0.83311E-03    0.15668E+04
    0.84994E-03    0.15965E+04
    0.86711E-03    0.16267E+04
    0.88463E-03    0.16574E+04
    0.90250E-03    0.16887E+04
    0.92073E-03    0.17206E+04
    0.93933E-03    0.17530E+04
    0.95831E-03    0.17860E+04
    0.97767E-03    0.18196E+04
    0.99742E-03    0.18537E+04
    0.10176E-02    0.18885E+04
    0.10381E-02    0.19238E+04
    0.10591E-02    0.19598E+04
    0.10805E-02    0.19964E+04
    0.11023E-02    0.20336E+04
    0.11246E-02    0.20715E+04
    0.11473E-02    0.21100E+04
    0.11705E-02    0.21492E+04
    0.11941E-02    0.21890E+04
    0.12182E-02    0.22295E+04
    0.12429E-02    0.22706E+04
    0.12680E-02    0.23125E+04
    0.12936E-02    0.23550E+04
    0.13197E-02    0.23982E+04
    0.13464E-02    0.24422E+04
    0.13736E-02    0.24869E+04
    0.14013E-02    0.25323E+04
    0.14296E-02    0.25784E+04
    0.14585E-02    0.26253E+04
    0.14880E-02    0.26730E+04
    0.15180E-02    0.27214E+04
    0.15487E-02    0.27706E+04
    0.15800E-02    0.28206E+04
    0.16119E-02    0.28713E+04
    0.16445E-02    0.29228E+04
    0.16777E-02    0.29751E+04
    0.17116E-02    0.30282E+04
    0.17462E-02    0.30821E+04
    0.17814E-02    0.31368E+04
    0.18174E-02    0.31924E+04
    0.18541E-02    0.32487E+04
    0.18916E-02    0.33059E+04
    0.19298E-02    0.33639E+04
    0.19688E-02    0.34228E+04
    0.20086E-02    0.34825E+04
    0.20491E-02    0.35431E+04
    0.20905E-02    0.36046E+04
    0.21328E-02    0.36668E+04
    0.21758E-02    0.37300E+04
    0.22198E-02    0.37940E+04
    0.22646E-02    0.38589E+04
    0.23104E-02    0.39246E+04
    0.23571E-02    0.39912E+04
    0.24047E-02    0.40587E+04
    0.24533E-02    0.41271E+04
    0.25028E-02    0.41963E+04
    0.25534E-02    0.42663E+04
    0.26050E-02    0.43373E+04
    0.26576E-02    0.44091E+04
    0.27113E-02    0.44818E+04
    0.27660E-02    0.45553E+04
    0.28219E-02    0.46296E+04
    0.28789E-02    0.47049E+04
    0.29371E-02    0.47809E+04
    0.29964E-02    0.48578E+04
    0.30569E-02    0.49355E+04
    0.31187E-02    0.50140E+04
    0.31817E-02    0.50934E+04
    0.32460E-02    0.51736E+04
    0.33115E-02    0.52545E+04
    0.33784E-02    0.53363E+04
    0.34467E-02    0.54188E+04
    0.35163E-02    0.55021E+04
    0.35874E-02    0.55862E+04
    0.36598E-02    0.56709E+04
    0.37338E-02    0.57564E+04
    0.38092E-02    0.58425E+04
    0.38861E-02    0.59293E+04
    0.39646E-02    0.60167E+04
    0.40447E-02    0.61047E+04
    0.41264E-02    0.61934E+04
    0.42098E-02    0.62827E+04
    0.42948E-02    0.63726E+04
    0.43816E-02    0.64632E+04
    0.44701E-02    0.65544E+04
    0.45604E-02    0.66461E+04
    0.46525E-02    0.67382E+04
    0.47465E-02    0.68306E+04
    0.48424E-02    0.69232E+04
    0.49402E-02    0.70160E+04
    0.50400E-02    0.71090E+04
    0.51419E-02    0.72023E+04
    0.52457E-02    0.72959E+04
    0.53517E-02    0.73898E+04
    0.54598E-02    0.74840E+04
    0.55701E-02    0.75783E+04
    0.56826E-02    0.76728E+04
    0.57974E-02    0.77672E+04
    0.59145E-02    0.78616E+04
    0.60340E-02    0.79559E+04
    0.61559E-02    0.80501E+04
    0.62803E-02    0.81440E+04
    0.64072E-02    0.82378E+04
    0.65366E-02    0.83312E+04
    0.66686E-02    0.84243E+04
    0.68033E-02    0.85170E+04
    0.69408E-02    0.86092E+04
    0.70810E-02    0.87008E+04
    0.72240E-02    0.87918E+04
    0.73700E-02    0.88821E+04
    0.75189E-02    0.89717E+04
    0.76708E-02    0.90604E+04
    0.78257E-02    0.91482E+04
    0.79838E-02    0.92351E+04
    0.81451E-02    0.93209E+04
    0.83096E-02    0.94055E+04
    0.84775E-02    0.94889E+04
    0.86488E-02    0.95710E+04
    0.88235E-02    0.96516E+04
    0.90017E-02    0.97307E+04
    0.91836E-02    0.98083E+04
    0.93691E-02    0.98841E+04
    0.95583E-02    0.99583E+04
    0.97514E-02    0.10031E+05
    0.99484E-02    0.10101E+05
    0.10149E-01    0.10169E+05
    0.10354E-01    0.10236E+05
    0.10564E-01    0.10300E+05
    0.10777E-01    0.10362E+05
    0.10995E-01    0.10421E+05
    0.11217E-01    0.10478E+05
    0.11443E-01    0.10532E+05
    0.11675E-01    0.10583E+05
    0.11910E-01    0.10631E+05
    0.12151E-01    0.10676E+05
    0.12397E-01    0.10718E+05
    0.12647E-01    0.10757E+05
    0.12902E-01    0.10793E+05
    0.13163E-01    0.10825E+05
    0.13429E-01    0.10853E+05
    0.13700E-01    0.10877E+05
    0.13977E-01    0.10898E+05
    0.14259E-01    0.10916E+05
    0.14547E-01    0.10929E+05
    0.14841E-01    0.10938E+05
    0.15141E-01    0.10943E+05
    0.15447E-01    0.10943E+05
    0.15759E-01    0.10939E+05
    0.16077E-01    0.10931E+05
    0.16402E-01    0.10918E+05
    0.16734E-01    0.10900E+05
    0.17072E-01    0.10878E+05
    0.17416E-01    0.10850E+05
    0.17768E-01    0.10819E+05
    0.18127E-01    0.10782E+05
    0.18493E-01    0.10740E+05
    0.18867E-01    0.10693E+05
    0.19248E-01    0.10641E+05
    0.19637E-01    0.10584E+05
    0.20034E-01    0.10521E+05
    0.20438E-01    0.10453E+05
    0.20851E-01    0.10380E+05
    0.21272E-01    0.10302E+05
    0.21702E-01    0.10219E+05
    0.22141E-01    0.10132E+05
    0.22588E-01    0.10039E+05
    0.23044E-01    0.99412E+04
    0.23510E-01    0.98388E+04
    0.23985E-01    0.97317E+04
    0.24469E-01    0.96201E+04
    0.24964E-01    0.95041E+04
    0.25468E-01    0.93839E+04
    0.25982E-01    0.92597E+04
    0.26507E-01    0.91316E+04
    0.27043E-01    0.90000E+04
    0.27589E-01    0.88650E+04
    0.28146E-01    0.87270E+04
    0.28715E-01    0.85861E+04
    0.29295E-01    0.84427E+04
    0.29887E-01    0.82971E+04
    0.30490E-01    0.81496E+04
    0.31106E-01    0.80007E+04
    0.31735E-01    0.78505E+04
    0.32376E-01    0.76995E+04
    0.33030E-01    0.75480E+04
    0.33697E-01    0.73965E+04
    0.34378E-01    0.72453E+04
    0.35072E-01    0.70948E+04
    0.35781E-01    0.69453E+04
    0.36504E-01    0.67974E+04
    0.37241E-01    0.66515E+04
    0.37993E-01    0.65079E+04
    0.38761E-01    0.63670E+04
    0.39544E-01    0.62291E+04
    0.40343E-01    0.60942E+04
    0.41158E-01    0.59627E+04
    0.41989E-01    0.58346E+04
    0.42838E-01    0.57103E+04
    0.43703E-01    0.55901E+04
    0.44586E-01    0.54745E+04
    0.45486E-01    0.53639E+04
    0.46405E-01    0.52588E+04
    0.47343E-01    0.51591E+04
    0.48299E-01    0.50647E+04
    0.49275E-01    0.49749E+04
    0.50270E-01    0.48896E+04
    0.51286E-01    0.48083E+04
    0.52322E-01    0.47309E+04
    0.53379E-01    0.46574E+04
    0.54457E-01    0.45874E+04
    0.55557E-01    0.45210E+04
    0.56680E-01    0.44573E+04
    0.57825E-01    0.43959E+04
    0.58993E-01    0.43359E+04
    0.60184E-01    0.42768E+04
    0.61400E-01    0.42180E+04
    0.62641E-01    0.41590E+04
    0.63906E-01    0.40991E+04
    0.65197E-01    0.40377E+04
    0.66514E-01    0.39741E+04
    0.67858E-01    0.39076E+04
    0.69229E-01    0.38377E+04
    0.70627E-01    0.37639E+04
    0.72054E-01    0.36858E+04
    0.73510E-01    0.36032E+04
    0.74994E-01    0.35160E+04
    0.76509E-01    0.34242E+04
    0.78055E-01    0.33282E+04
    0.79632E-01    0.32283E+04
    0.81241E-01    0.31252E+04
    0.82882E-01    0.30195E+04
    0.84556E-01    0.29121E+04
    0.86264E-01    0.28039E+04
    0.88007E-01    0.26959E+04
    0.89785E-01    0.25892E+04
    0.91598E-01    0.24851E+04
    0.93449E-01    0.23848E+04
    0.95337E-01    0.22892E+04
    0.97263E-01    0.21994E+04
    0.99227E-01    0.21162E+04
    0.10123E+00    0.20402E+04
    0.10328E+00    0.19717E+04
    0.10536E+00    0.19107E+04
    0.10749E+00    0.18571E+04
    0.10966E+00    0.18102E+04
    0.11188E+00    0.17693E+04
    0.11414E+00    0.17336E+04
    0.11644E+00    0.17020E+04
    0.11880E+00    0.16731E+04
    0.12120E+00    0.16456E+04
    0.12365E+00    0.16180E+04
    0.12614E+00    0.15889E+04
    0.12869E+00    0.15571E+04
    0.13129E+00    0.15216E+04
    0.13394E+00    0.14816E+04
    0.13665E+00    0.14369E+04
    0.13941E+00    0.13877E+04
    0.14223E+00    0.13347E+04
    0.14510E+00    0.12787E+04
    0.14803E+00    0.12210E+04
    0.15102E+00    0.11630E+04
    0.15407E+00    0.11063E+04
    0.15718E+00    0.10530E+04
    0.16036E+00    0.10044E+04
    0.16360E+00    0.96159E+03
    0.16690E+00    0.92467E+03
    0.17028E+00    0.89352E+03
    0.17371E+00    0.86762E+03
    0.17722E+00    0.84614E+03
    0.18080E+00    0.82787E+03
    0.18446E+00    0.81129E+03
    0.18818E+00    0.79475E+03
    0.19198E+00    0.77664E+03
    0.19586E+00    0.75572E+03
    0.19982E+00    0.73136E+03
    0.20386E+00    0.70382E+03
    0.20797E+00    0.67387E+03
    0.21218E+00    0.64236E+03
    0.21646E+00    0.61073E+03
    0.22083E+00    0.58052E+03
    0.22530E+00    0.55301E+03
    0.22985E+00    0.52908E+03
    0.23449E+00    0.50905E+03
    0.23923E+00    0.49257E+03
    0.24406E+00    0.47875E+03
    0.24899E+00    0.46632E+03
    0.25402E+00    0.45398E+03
    0.25915E+00    0.44064E+03
    0.26439E+00    0.42563E+03
    0.26973E+00    0.40888E+03
    0.27518E+00    0.39083E+03
    0.28074E+00    0.37239E+03
    0.28641E+00    0.35466E+03
    0.29219E+00    0.33854E+03
    0.29810E+00    0.32456E+03
    0.30412E+00    0.31266E+03
    0.31026E+00    0.30232E+03
    0.31653E+00    0.29278E+03
    0.32292E+00    0.28314E+03
    0.32945E+00    0.27289E+03
    0.33610E+00    0.26183E+03
    0.34289E+00    0.25035E+03
    0.34982E+00    0.23898E+03
    0.35689E+00    0.22830E+03
    0.36409E+00    0.21873E+03
    0.37145E+00    0.21028E+03
    0.37895E+00    0.20262E+03
    0.38661E+00    0.19525E+03
    0.39442E+00    0.18781E+03
    0.40239E+00    0.18011E+03
    0.41052E+00    0.17231E+03
    0.41881E+00    0.16473E+03
    0.42727E+00    0.15765E+03
    0.43590E+00    0.15119E+03
    0.44471E+00    0.14523E+03
    0.45369E+00    0.13953E+03
    0.46286E+00    0.13388E+03
    0.47221E+00    0.12823E+03
    0.48174E+00    0.12269E+03
    0.49148E+00    0.11741E+03
    0.50141E+00    0.11246E+03
    0.51153E+00    0.10783E+03
    0.52187E+00    0.10338E+03
    0.53241E+00    0.99049E+02
    0.54317E+00    0.94799E+02
    0.55414E+00    0.90706E+02
    0.56533E+00    0.86810E+02
    0.57675E+00    0.83105E+02
    0.58840E+00    0.79569E+02
    0.60029E+00    0.76184E+02
    0.61242E+00    0.72932E+02
    0.62479E+00    0.69803E+02
    0.63741E+00    0.66795E+02
    0.65029E+00    0.63904E+02
    0.66342E+00    0.61128E+02
    0.67683E+00    0.58463E+02
    0.69050E+00    0.55907E+02
    0.70445E+00    0.53456E+02
    0.71868E+00    0.51107E+02
    0.73320E+00    0.48857E+02
    0.74801E+00    0.46704E+02
    0.76312E+00    0.44643E+02
    0.77854E+00    0.42670E+02
    0.79426E+00    0.40782E+02
    0.81031E+00    0.38975E+02
    0.82668E+00    0.37245E+02
    0.84338E+00    0.35589E+02
    0.86041E+00    0.34004E+02
    0.87780E+00    0.32486E+02
    0.89553E+00    0.31034E+02
    0.91362E+00    0.29644E+02
    0.93208E+00    0.28313E+02
    0.95091E+00    0.27039E+02
    0.97011E+00    0.25820E+02
    0.98971E+00    0.24654E+02
    0.10097E+01    0.23538E+02
    0.10301E+01    0.22471E+02
    0.10509E+01    0.21451E+02
    0.10721E+01    0.20475E+02
    0.10938E+01    0.19542E+02
    0.11159E+01    0.18650E+02
    0.11384E+01    0.17798E+02
    0.11614E+01    0.16983E+02
    0.11849E+01    0.16204E+02
    0.12088E+01    0.15460E+02
    0.12333E+01    0.14748E+02
    0.12582E+01    0.14069E+02
    0.12836E+01    0.13420E+02
    0.13095E+01    0.12800E+02
    0.13360E+01    0.12207E+02
    0.13630E+01    0.11641E+02
    0.13905E+01    0.11101E+02
    0.14186E+01    0.10585E+02
    0.14472E+01    0.10092E+02
    0.14765E+01    0.96215E+01
    0.15063E+01    0.91723E+01
    0.15367E+01    0.87435E+01
    0.15678E+01    0.83342E+01
    0.15994E+01    0.79435E+01
    0.16318E+01    0.75706E+01
    0.16647E+01    0.72148E+01
    0.16984E+01    0.68753E+01
    0.17327E+01    0.65513E+01
    0.17677E+01    0.62422E+01
    0.18034E+01    0.59473E+01
    0.18398E+01    0.56660E+01
    0.18770E+01    0.53976E+01
    0.19149E+01    0.51417E+01
    0.19536E+01    0.48976E+01
    0.19930E+01    0.46648E+01
    0.20333E+01    0.44427E+01
    0.20744E+01    0.42310E+01
    0.21163E+01    0.40292E+01
    0.21590E+01    0.38367E+01
    0.22026E+01    0.36532E+01
    0.22471E+01    0.34783E+01
    0.22925E+01    0.33115E+01
    0.23388E+01    0.31526E+01
    0.23861E+01    0.30011E+01
    0.24343E+01    0.28567E+01
    0.24835E+01    0.27191E+01
    0.25336E+01    0.25880E+01
    0.25848E+01    0.24631E+01
    0.26370E+01    0.23441E+01
    0.26903E+01    0.22307E+01
    0.27447E+01    0.21227E+01
    0.28001E+01    0.20197E+01
    0.28567E+01    0.19217E+01
    0.29144E+01    0.18284E+01
    0.29733E+01    0.17395E+01
    0.30333E+01    0.16548E+01
    0.30946E+01    0.15741E+01
    0.31571E+01    0.14974E+01
    0.32209E+01    0.14243E+01
    0.32860E+01    0.13547E+01
    0.33523E+01    0.12884E+01
    0.34201E+01    0.12253E+01
    0.34892E+01    0.11653E+01
    0.35596E+01    0.11081E+01
    0.36316E+01    0.10537E+01
    0.37049E+01    0.10019E+01
    0.37798E+01    0.95267E+00
    0.38561E+01    0.90577E+00
    0.39340E+01    0.86115E+00
    0.40135E+01    0.81868E+00
    0.40946E+01    0.77828E+00
    0.41773E+01    0.73983E+00
    0.42617E+01    0.70326E+00
    0.43478E+01    0.66846E+00
    0.44356E+01    0.63535E+00
    0.45252E+01    0.60386E+00
    0.46166E+01    0.57390E+00
    0.47099E+01    0.54541E+00
    0.48050E+01    0.51830E+00
    0.49021E+01    0.49253E+00
    0.50011E+01    0.46801E+00
    0.51021E+01    0.44470E+00
    0.52052E+01    0.42253E+00
    0.53104E+01    0.40145E+00
    0.54176E+01    0.38140E+00
    0.55271E+01    0.36235E+00
    0.56387E+01    0.34423E+00
    0.57526E+01    0.32700E+00
    0.58689E+01    0.31062E+00
    0.59874E+01    0.29505E+00
    0.61084E+01    0.28025E+00
    0.62318E+01    0.26619E+00
    0.63577E+01    0.25282E+00
    0.64861E+01    0.24011E+00
    0.66171E+01    0.22803E+00
    0.67508E+01    0.21655E+00
    0.68872E+01    0.20564E+00
    0.70263E+01    0.19527E+00
    0.71682E+01    0.18542E+00
    0.73130E+01    0.17606E+00
    0.74608E+01    0.16716E+00
    0.76115E+01    0.15871E+00
    0.77653E+01    0.15069E+00
    0.79221E+01    0.14306E+00
    0.80822E+01    0.13582E+00
    0.82454E+01    0.12894E+00
    0.84120E+01    0.12241E+00
    0.85819E+01    0.11620E+00
    0.87553E+01    0.11031E+00
    0.89322E+01    0.10471E+00
    0.91126E+01    0.99384E-01
    0.92967E+01    0.94327E-01
    0.94845E+01    0.89522E-01
    0.96761E+01    0.84955E-01
    0.98716E+01    0.80615E-01
    0.10071E+02    0.76490E-01
    0.10274E+02    0.72571E-01
    0.10482E+02    0.68846E-01
    0.10694E+02    0.65309E-01
    0.10910E+02    0.61950E-01
    0.11130E+02    0.58760E-01
    0.11355E+02    0.55733E-01
    0.11584E+02    0.52859E-01
    0.11818E+02    0.50133E-01
    0.12057E+02    0.47547E-01
