#           k/h    P           
    0.10000E-03    0.19952E+03
    0.10202E-03    0.20343E+03
    0.10408E-03    0.20741E+03
    0.10618E-03    0.21148E+03
    0.10833E-03    0.21562E+03
    0.11052E-03    0.21985E+03
    0.11275E-03    0.22415E+03
    0.11503E-03    0.22855E+03
    0.11735E-03    0.23303E+03
    0.11972E-03    0.23760E+03
    0.12214E-03    0.24225E+03
    0.12461E-03    0.24700E+03
    0.12712E-03    0.25184E+03
    0.12969E-03    0.25677E+03
    0.13231E-03    0.26180E+03
    0.13499E-03    0.26693E+03
    0.13771E-03    0.27216E+03
    0.14049E-03    0.27749E+03
    0.14333E-03    0.28292E+03
    0.14623E-03    0.28846E+03
    0.14918E-03    0.29411E+03
    0.15220E-03    0.29988E+03
    0.15527E-03    0.30575E+03
    0.15841E-03    0.31174E+03
    0.16161E-03    0.31785E+03
    0.16487E-03    0.32407E+03
    0.16820E-03    0.33042E+03
    0.17160E-03    0.33689E+03
    0.17507E-03    0.34348E+03
    0.17860E-03    0.35020E+03
    0.18221E-03    0.35706E+03
    0.18589E-03    0.36405E+03
    0.18965E-03    0.37118E+03
    0.19348E-03    0.37844E+03
    0.19739E-03    0.38585E+03
    0.20138E-03    0.39340E+03
    0.20544E-03    0.40110E+03
    0.20959E-03    0.40895E+03
    0.21383E-03    0.41696E+03
    0.21815E-03    0.42512E+03
    0.22255E-03    0.43344E+03
    0.22705E-03    0.44192E+03
    0.23164E-03    0.45056E+03
    0.23632E-03    0.45937E+03
    0.24109E-03    0.46836E+03
    0.24596E-03    0.47752E+03
    0.25093E-03    0.48685E+03
    0.25600E-03    0.49637E+03
    0.26117E-03    0.50607E+03
    0.26645E-03    0.51597E+03
    0.27183E-03    0.52605E+03
    0.27732E-03    0.53633E+03
    0.28292E-03    0.54680E+03
    0.28864E-03    0.55749E+03
    0.29447E-03    0.56837E+03
    0.30042E-03    0.57947E+03
    0.30649E-03    0.59078E+03
    0.31268E-03    0.60232E+03
    0.31899E-03    0.61407E+03
    0.32544E-03    0.62605E+03
    0.33201E-03    0.63827E+03
    0.33872E-03    0.65072E+03
    0.34556E-03    0.66341E+03
    0.35254E-03    0.67634E+03
    0.35966E-03    0.68953E+03
    0.36693E-03    0.70297E+03
    0.37434E-03    0.71667E+03
    0.38190E-03    0.73063E+03
    0.38962E-03    0.74486E+03
    0.39749E-03    0.75936E+03
    0.40552E-03    0.77414E+03
    0.41371E-03    0.78920E+03
    0.42207E-03    0.80455E+03
    0.43060E-03    0.82019E+03
    0.43929E-03    0.83614E+03
    0.44817E-03    0.85239E+03
    0.45722E-03    0.86895E+03
    0.46646E-03    0.88583E+03
    0.47588E-03    0.90302E+03
    0.48550E-03    0.92053E+03
    0.49530E-03    0.93837E+03
    0.50531E-03    0.95655E+03
    0.51552E-03    0.97507E+03
    0.52593E-03    0.99395E+03
    0.53656E-03    0.10132E+04
    0.54739E-03    0.10328E+04
    0.55845E-03    0.10528E+04
    0.56973E-03    0.10732E+04
    0.58124E-03    0.10940E+04
    0.59299E-03    0.11151E+04
    0.60496E-03    0.11366E+04
    0.61719E-03    0.11586E+04
    0.62965E-03    0.11809E+04
    0.64237E-03    0.12037E+04
    0.65535E-03    0.12268E+04
    0.66859E-03    0.12505E+04
    0.68210E-03    0.12745E+04
    0.69588E-03    0.12990E+04
    0.70993E-03    0.13240E+04
    0.72427E-03    0.13494E+04
    0.73891E-03    0.13753E+04
    0.75383E-03    0.14016E+04
    0.76906E-03    0.14285E+04
    0.78460E-03    0.14558E+04
    0.80045E-03    0.14836E+04
    0.81662E-03    0.15120E+04
    0.83311E-03    0.15409E+04
    0.84994E-03    0.15702E+04
    0.86711E-03    0.16002E+04
    0.88463E-03    0.16306E+04
    0.90250E-03    0.16616E+04
    0.92073E-03    0.16932E+04
    0.93933E-03    0.17253E+04
    0.95831E-03    0.17580E+04
    0.97767E-03    0.17913E+04
    0.99742E-03    0.18252E+04
    0.10176E-02    0.18596E+04
    0.10381E-02    0.18947E+04
    0.10591E-02    0.19304E+04
    0.10805E-02    0.19667E+04
    0.11023E-02    0.20037E+04
    0.11246E-02    0.20414E+04
    0.11473E-02    0.20797E+04
    0.11705E-02    0.21186E+04
    0.11941E-02    0.21582E+04
    0.12182E-02    0.21985E+04
    0.12429E-02    0.22394E+04
    0.12680E-02    0.22811E+04
    0.12936E-02    0.23235E+04
    0.13197E-02    0.23665E+04
    0.13464E-02    0.24104E+04
    0.13736E-02    0.24549E+04
    0.14013E-02    0.25002E+04
    0.14296E-02    0.25463E+04
    0.14585E-02    0.25931E+04
    0.14880E-02    0.26407E+04
    0.15180E-02    0.26891E+04
    0.15487E-02    0.27382E+04
    0.15800E-02    0.27882E+04
    0.16119E-02    0.28389E+04
    0.16445E-02    0.28904E+04
    0.16777E-02    0.29428E+04
    0.17116E-02    0.29959E+04
    0.17462E-02    0.30499E+04
    0.17814E-02    0.31048E+04
    0.18174E-02    0.31604E+04
    0.18541E-02    0.32170E+04
    0.18916E-02    0.32744E+04
    0.19298E-02    0.33326E+04
    0.19688E-02    0.33917E+04
    0.20086E-02    0.34517E+04
    0.20491E-02    0.35126E+04
    0.20905E-02    0.35744E+04
    0.21328E-02    0.36370E+04
    0.21758E-02    0.37006E+04
    0.22198E-02    0.37650E+04
    0.22646E-02    0.38303E+04
    0.23104E-02    0.38965E+04
    0.23571E-02    0.39636E+04
    0.24047E-02    0.40317E+04
    0.24533E-02    0.41006E+04
    0.25028E-02    0.41704E+04
    0.25534E-02    0.42411E+04
    0.26050E-02    0.43127E+04
    0.26576E-02    0.43852E+04
    0.27113E-02    0.44586E+04
    0.27660E-02    0.45328E+04
    0.28219E-02    0.46080E+04
    0.28789E-02    0.46841E+04
    0.29371E-02    0.47610E+04
    0.29964E-02    0.48388E+04
    0.30569E-02    0.49175E+04
    0.31187E-02    0.49970E+04
    0.31817E-02    0.50774E+04
    0.32460E-02    0.51586E+04
    0.33115E-02    0.52406E+04
    0.33784E-02    0.53234E+04
    0.34467E-02    0.54070E+04
    0.35163E-02    0.54913E+04
    0.35874E-02    0.55765E+04
    0.36598E-02    0.56623E+04
    0.37338E-02    0.57489E+04
    0.38092E-02    0.58362E+04
    0.38861E-02    0.59241E+04
    0.39646E-02    0.60126E+04
    0.40447E-02    0.61018E+04
    0.41264E-02    0.61915E+04
    0.42098E-02    0.62819E+04
    0.42948E-02    0.63728E+04
    0.43816E-02    0.64643E+04
    0.44701E-02    0.65562E+04
    0.45604E-02    0.66486E+04
    0.46525E-02    0.67415E+04
    0.47465E-02    0.68346E+04
    0.48424E-02    0.69281E+04
    0.49402E-02    0.70219E+04
    0.50400E-02    0.71158E+04
    0.51419E-02    0.72100E+04
    0.52457E-02    0.73043E+04
    0.53517E-02    0.73988E+04
    0.54598E-02    0.74932E+04
    0.55701E-02    0.75877E+04
    0.56826E-02    0.76821E+04
    0.57974E-02    0.77764E+04
    0.59145E-02    0.78705E+04
    0.60340E-02    0.79644E+04
    0.61559E-02    0.80581E+04
    0.62803E-02    0.81513E+04
    0.64072E-02    0.82441E+04
    0.65366E-02    0.83365E+04
    0.66686E-02    0.84282E+04
    0.68033E-02    0.85194E+04
    0.69408E-02    0.86098E+04
    0.70810E-02    0.86994E+04
    0.72240E-02    0.87882E+04
    0.73700E-02    0.88760E+04
    0.75189E-02    0.89628E+04
    0.76708E-02    0.90485E+04
    0.78257E-02    0.91329E+04
    0.79838E-02    0.92161E+04
    0.81451E-02    0.92980E+04
    0.83096E-02    0.93784E+04
    0.84775E-02    0.94574E+04
    0.86488E-02    0.95349E+04
    0.88235E-02    0.96107E+04
    0.90017E-02    0.96847E+04
    0.91836E-02    0.97568E+04
    0.93691E-02    0.98270E+04
    0.95583E-02    0.98949E+04
    0.97514E-02    0.99607E+04
    0.99484E-02    0.10024E+05
    0.10149E-01    0.10085E+05
    0.10354E-01    0.10143E+05
    0.10564E-01    0.10199E+05
    0.10777E-01    0.10252E+05
    0.10995E-01    0.10302E+05
    0.11217E-01    0.10349E+05
    0.11443E-01    0.10392E+05
    0.11675E-01    0.10433E+05
    0.11910E-01    0.10470E+05
    0.12151E-01    0.10504E+05
    0.12397E-01    0.10534E+05
    0.12647E-01    0.10561E+05
    0.12902E-01    0.10584E+05
    0.13163E-01    0.10604E+05
    0.13429E-01    0.10619E+05
    0.13700E-01    0.10631E+05
    0.13977E-01    0.10638E+05
    0.14259E-01    0.10641E+05
    0.14547E-01    0.10639E+05
    0.14841E-01    0.10634E+05
    0.15141E-01    0.10623E+05
    0.15447E-01    0.10608E+05
    0.15759E-01    0.10588E+05
    0.16077E-01    0.10564E+05
    0.16402E-01    0.10534E+05
    0.16734E-01    0.10500E+05
    0.17072E-01    0.10461E+05
    0.17416E-01    0.10416E+05
    0.17768E-01    0.10367E+05
    0.18127E-01    0.10313E+05
    0.18493E-01    0.10254E+05
    0.18867E-01    0.10189E+05
    0.19248E-01    0.10119E+05
    0.19637E-01    0.10044E+05
    0.20034E-01    0.99644E+04
    0.20438E-01    0.98793E+04
    0.20851E-01    0.97891E+04
    0.21272E-01    0.96940E+04
    0.21702E-01    0.95940E+04
    0.22141E-01    0.94893E+04
    0.22588E-01    0.93799E+04
    0.23044E-01    0.92661E+04
    0.23510E-01    0.91480E+04
    0.23985E-01    0.90257E+04
    0.24469E-01    0.88994E+04
    0.24964E-01    0.87693E+04
    0.25468E-01    0.86356E+04
    0.25982E-01    0.84985E+04
    0.26507E-01    0.83584E+04
    0.27043E-01    0.82155E+04
    0.27589E-01    0.80700E+04
    0.28146E-01    0.79224E+04
    0.28715E-01    0.77729E+04
    0.29295E-01    0.76218E+04
    0.29887E-01    0.74696E+04
    0.30490E-01    0.73166E+04
    0.31106E-01    0.71632E+04
    0.31735E-01    0.70097E+04
    0.32376E-01    0.68565E+04
    0.33030E-01    0.67041E+04
    0.33697E-01    0.65528E+04
    0.34378E-01    0.64030E+04
    0.35072E-01    0.62551E+04
    0.35781E-01    0.61096E+04
    0.36504E-01    0.59668E+04
    0.37241E-01    0.58271E+04
    0.37993E-01    0.56909E+04
    0.38761E-01    0.55583E+04
    0.39544E-01    0.54295E+04
    0.40343E-01    0.53047E+04
    0.41158E-01    0.51840E+04
    0.41989E-01    0.50675E+04
    0.42838E-01    0.49556E+04
    0.43703E-01    0.48487E+04
    0.44586E-01    0.47470E+04
    0.45486E-01    0.46509E+04
    0.46405E-01    0.45605E+04
    0.47343E-01    0.44752E+04
    0.48299E-01    0.43949E+04
    0.49275E-01    0.43190E+04
    0.50270E-01    0.42472E+04
    0.51286E-01    0.41792E+04
    0.52322E-01    0.41146E+04
    0.53379E-01    0.40531E+04
    0.54457E-01    0.39945E+04
    0.55557E-01    0.39381E+04
    0.56680E-01    0.38832E+04
    0.57825E-01    0.38294E+04
    0.58993E-01    0.37759E+04
    0.60184E-01    0.37221E+04
    0.61400E-01    0.36673E+04
    0.62641E-01    0.36108E+04
    0.63906E-01    0.35521E+04
    0.65197E-01    0.34905E+04
    0.66514E-01    0.34256E+04
    0.67858E-01    0.33570E+04
    0.69229E-01    0.32842E+04
    0.70627E-01    0.32070E+04
    0.72054E-01    0.31253E+04
    0.73510E-01    0.30393E+04
    0.74994E-01    0.29491E+04
    0.76509E-01    0.28553E+04
    0.78055E-01    0.27586E+04
    0.79632E-01    0.26595E+04
    0.81241E-01    0.25591E+04
    0.82882E-01    0.24583E+04
    0.84556E-01    0.23581E+04
    0.86264E-01    0.22597E+04
    0.88007E-01    0.21641E+04
    0.89785E-01    0.20723E+04
    0.91598E-01    0.19855E+04
    0.93449E-01    0.19043E+04
    0.95337E-01    0.18294E+04
    0.97263E-01    0.17616E+04
    0.99227E-01    0.17010E+04
    0.10123E+00    0.16475E+04
    0.10328E+00    0.16011E+04
    0.10536E+00    0.15611E+04
    0.10749E+00    0.15268E+04
    0.10966E+00    0.14972E+04
    0.11188E+00    0.14711E+04
    0.11414E+00    0.14474E+04
    0.11644E+00    0.14246E+04
    0.11880E+00    0.14013E+04
    0.12120E+00    0.13762E+04
    0.12365E+00    0.13481E+04
    0.12614E+00    0.13162E+04
    0.12869E+00    0.12797E+04
    0.13129E+00    0.12387E+04
    0.13394E+00    0.11937E+04
    0.13665E+00    0.11452E+04
    0.13941E+00    0.10944E+04
    0.14223E+00    0.10424E+04
    0.14510E+00    0.99058E+03
    0.14803E+00    0.94059E+03
    0.15102E+00    0.89388E+03
    0.15407E+00    0.85166E+03
    0.15718E+00    0.81476E+03
    0.16036E+00    0.78365E+03
    0.16360E+00    0.75804E+03
    0.16690E+00    0.73721E+03
    0.17028E+00    0.71997E+03
    0.17371E+00    0.70511E+03
    0.17722E+00    0.69132E+03
    0.18080E+00    0.67720E+03
    0.18446E+00    0.66139E+03
    0.18818E+00    0.64284E+03
    0.19198E+00    0.62102E+03
    0.19586E+00    0.59619E+03
    0.19982E+00    0.56921E+03
    0.20386E+00    0.54130E+03
    0.20797E+00    0.51383E+03
    0.21218E+00    0.48800E+03
    0.21646E+00    0.46482E+03
    0.22083E+00    0.44495E+03
    0.22530E+00    0.42853E+03
    0.22985E+00    0.41510E+03
    0.23449E+00    0.40379E+03
    0.23923E+00    0.39346E+03
    0.24406E+00    0.38296E+03
    0.24899E+00    0.37132E+03
    0.25402E+00    0.35806E+03
    0.25915E+00    0.34326E+03
    0.26439E+00    0.32750E+03
    0.26973E+00    0.31172E+03
    0.27518E+00    0.29677E+03
    0.28074E+00    0.28334E+03
    0.28641E+00    0.27177E+03
    0.29219E+00    0.26199E+03
    0.29810E+00    0.25345E+03
    0.30412E+00    0.24539E+03
    0.31026E+00    0.23713E+03
    0.31653E+00    0.22829E+03
    0.32292E+00    0.21878E+03
    0.32945E+00    0.20895E+03
    0.33610E+00    0.19937E+03
    0.34289E+00    0.19050E+03
    0.34982E+00    0.18257E+03
    0.35689E+00    0.17554E+03
    0.36409E+00    0.16913E+03
    0.37145E+00    0.16291E+03
    0.37895E+00    0.15656E+03
    0.38661E+00    0.15003E+03
    0.39442E+00    0.14347E+03
    0.40239E+00    0.13714E+03
    0.41052E+00    0.13126E+03
    0.41881E+00    0.12587E+03
    0.42727E+00    0.12088E+03
    0.43590E+00    0.11609E+03
    0.44471E+00    0.11133E+03
    0.45369E+00    0.10660E+03
    0.46286E+00    0.10198E+03
    0.47221E+00    0.97575E+02
    0.48174E+00    0.93457E+02
    0.49148E+00    0.89580E+02
    0.50141E+00    0.85861E+02
    0.51153E+00    0.82233E+02
    0.52187E+00    0.78694E+02
    0.53241E+00    0.75286E+02
    0.54317E+00    0.72052E+02
    0.55414E+00    0.68977E+02
    0.56533E+00    0.66021E+02
    0.57675E+00    0.63179E+02
    0.58840E+00    0.60449E+02
    0.60029E+00    0.57829E+02
    0.61242E+00    0.55319E+02
    0.62479E+00    0.52914E+02
    0.63741E+00    0.50610E+02
    0.65029E+00    0.48401E+02
    0.66342E+00    0.46286E+02
    0.67683E+00    0.44259E+02
    0.69050E+00    0.42317E+02
    0.70445E+00    0.40456E+02
    0.71868E+00    0.38674E+02
    0.73320E+00    0.36967E+02
    0.74801E+00    0.35331E+02
    0.76312E+00    0.33765E+02
    0.77854E+00    0.32265E+02
    0.79426E+00    0.30829E+02
    0.81031E+00    0.29453E+02
    0.82668E+00    0.28137E+02
    0.84338E+00    0.26877E+02
    0.86041E+00    0.25671E+02
    0.87780E+00    0.24518E+02
    0.89553E+00    0.23414E+02
    0.91362E+00    0.22358E+02
    0.93208E+00    0.21348E+02
    0.95091E+00    0.20381E+02
    0.97011E+00    0.19457E+02
    0.98971E+00    0.18574E+02
    0.10097E+01    0.17729E+02
    0.10301E+01    0.16922E+02
    0.10509E+01    0.16150E+02
    0.10721E+01    0.15412E+02
    0.10938E+01    0.14707E+02
    0.11159E+01    0.14033E+02
    0.11384E+01    0.13389E+02
    0.11614E+01    0.12773E+02
    0.11849E+01    0.12186E+02
    0.12088E+01    0.11624E+02
    0.12333E+01    0.11087E+02
    0.12582E+01    0.10575E+02
    0.12836E+01    0.10085E+02
    0.13095E+01    0.96177E+01
    0.13360E+01    0.91710E+01
    0.13630E+01    0.87445E+01
    0.13905E+01    0.83371E+01
    0.14186E+01    0.79482E+01
    0.14472E+01    0.75769E+01
    0.14765E+01    0.72224E+01
    0.15063E+01    0.68840E+01
    0.15367E+01    0.65611E+01
    0.15678E+01    0.62529E+01
    0.15994E+01    0.59588E+01
    0.16318E+01    0.56782E+01
    0.16647E+01    0.54105E+01
    0.16984E+01    0.51551E+01
    0.17327E+01    0.49114E+01
    0.17677E+01    0.46790E+01
    0.18034E+01    0.44573E+01
    0.18398E+01    0.42459E+01
    0.18770E+01    0.40442E+01
    0.19149E+01    0.38519E+01
    0.19536E+01    0.36685E+01
    0.19930E+01    0.34937E+01
    0.20333E+01    0.33270E+01
    0.20744E+01    0.31680E+01
    0.21163E+01    0.30165E+01
    0.21590E+01    0.28720E+01
    0.22026E+01    0.27343E+01
    0.22471E+01    0.26030E+01
    0.22925E+01    0.24779E+01
    0.23388E+01    0.23587E+01
    0.23861E+01    0.22451E+01
    0.24343E+01    0.21369E+01
    0.24835E+01    0.20337E+01
    0.25336E+01    0.19355E+01
    0.25848E+01    0.18419E+01
    0.26370E+01    0.17527E+01
    0.26903E+01    0.16677E+01
    0.27447E+01    0.15868E+01
    0.28001E+01    0.15097E+01
    0.28567E+01    0.14363E+01
    0.29144E+01    0.13664E+01
    0.29733E+01    0.12999E+01
    0.30333E+01    0.12365E+01
    0.30946E+01    0.11762E+01
    0.31571E+01    0.11187E+01
    0.32209E+01    0.10640E+01
    0.32860E+01    0.10119E+01
    0.33523E+01    0.96233E+00
    0.34201E+01    0.91514E+00
    0.34892E+01    0.87022E+00
    0.35596E+01    0.82747E+00
    0.36316E+01    0.78679E+00
    0.37049E+01    0.74807E+00
    0.37798E+01    0.71122E+00
    0.38561E+01    0.67616E+00
    0.39340E+01    0.64279E+00
    0.40135E+01    0.61105E+00
    0.40946E+01    0.58085E+00
    0.41773E+01    0.55211E+00
    0.42617E+01    0.52478E+00
    0.43478E+01    0.49877E+00
    0.44356E+01    0.47404E+00
    0.45252E+01    0.45051E+00
    0.46166E+01    0.42813E+00
    0.47099E+01    0.40684E+00
    0.48050E+01    0.38660E+00
    0.49021E+01    0.36734E+00
    0.50011E+01    0.34904E+00
    0.51021E+01    0.33163E+00
    0.52052E+01    0.31508E+00
    0.53104E+01    0.29934E+00
    0.54176E+01    0.28438E+00
    0.55271E+01    0.27015E+00
    0.56387E+01    0.25663E+00
    0.57526E+01    0.24378E+00
    0.58689E+01    0.23156E+00
    0.59874E+01    0.21994E+00
    0.61084E+01    0.20890E+00
    0.62318E+01    0.19840E+00
    0.63577E+01    0.18843E+00
    0.64861E+01    0.17895E+00
    0.66171E+01    0.16994E+00
    0.67508E+01    0.16138E+00
    0.68872E+01    0.15324E+00
    0.70263E+01    0.14551E+00
    0.71682E+01    0.13816E+00
    0.73130E+01    0.13118E+00
    0.74608E+01    0.12454E+00
    0.76115E+01    0.11824E+00
    0.77653E+01    0.11226E+00
    0.79221E+01    0.10657E+00
    0.80822E+01    0.10117E+00
    0.82454E+01    0.96036E-01
    0.84120E+01    0.91163E-01
    0.85819E+01    0.86534E-01
    0.87553E+01    0.82138E-01
    0.89322E+01    0.77962E-01
    0.91126E+01    0.73995E-01
    0.92967E+01    0.70228E-01
    0.94845E+01    0.66650E-01
    0.96761E+01    0.63251E-01
    0.98716E+01    0.60023E-01
    0.10071E+02    0.56958E-01
    0.10274E+02    0.54046E-01
    0.10482E+02    0.51282E-01
    0.10694E+02    0.48658E-01
    0.10910E+02    0.46166E-01
    0.11130E+02    0.43802E-01
    0.11355E+02    0.41557E-01
    0.11584E+02    0.39427E-01
    0.11818E+02    0.37406E-01
