#           k/h    P           
    0.10000E-03    0.20436E+03
    0.10202E-03    0.20836E+03
    0.10408E-03    0.21243E+03
    0.10618E-03    0.21659E+03
    0.10833E-03    0.22082E+03
    0.11052E-03    0.22514E+03
    0.11275E-03    0.22955E+03
    0.11503E-03    0.23403E+03
    0.11735E-03    0.23861E+03
    0.11972E-03    0.24328E+03
    0.12214E-03    0.24803E+03
    0.12461E-03    0.25288E+03
    0.12712E-03    0.25783E+03
    0.12969E-03    0.26287E+03
    0.13231E-03    0.26801E+03
    0.13499E-03    0.27325E+03
    0.13771E-03    0.27860E+03
    0.14049E-03    0.28404E+03
    0.14333E-03    0.28960E+03
    0.14623E-03    0.29526E+03
    0.14918E-03    0.30103E+03
    0.15220E-03    0.30691E+03
    0.15527E-03    0.31291E+03
    0.15841E-03    0.31902E+03
    0.16161E-03    0.32526E+03
    0.16487E-03    0.33162E+03
    0.16820E-03    0.33810E+03
    0.17160E-03    0.34470E+03
    0.17507E-03    0.35144E+03
    0.17860E-03    0.35831E+03
    0.18221E-03    0.36531E+03
    0.18589E-03    0.37244E+03
    0.18965E-03    0.37972E+03
    0.19348E-03    0.38713E+03
    0.19739E-03    0.39469E+03
    0.20138E-03    0.40241E+03
    0.20544E-03    0.41027E+03
    0.20959E-03    0.41829E+03
    0.21383E-03    0.42646E+03
    0.21815E-03    0.43479E+03
    0.22255E-03    0.44328E+03
    0.22705E-03    0.45194E+03
    0.23164E-03    0.46075E+03
    0.23632E-03    0.46974E+03
    0.24109E-03    0.47890E+03
    0.24596E-03    0.48824E+03
    0.25093E-03    0.49776E+03
    0.25600E-03    0.50747E+03
    0.26117E-03    0.51736E+03
    0.26645E-03    0.52745E+03
    0.27183E-03    0.53773E+03
    0.27732E-03    0.54822E+03
    0.28292E-03    0.55890E+03
    0.28864E-03    0.56980E+03
    0.29447E-03    0.58090E+03
    0.30042E-03    0.59222E+03
    0.30649E-03    0.60376E+03
    0.31268E-03    0.61552E+03
    0.31899E-03    0.62751E+03
    0.32544E-03    0.63974E+03
    0.33201E-03    0.65220E+03
    0.33872E-03    0.66491E+03
    0.34556E-03    0.67786E+03
    0.35254E-03    0.69106E+03
    0.35966E-03    0.70452E+03
    0.36693E-03    0.71822E+03
    0.37434E-03    0.73219E+03
    0.38190E-03    0.74642E+03
    0.38962E-03    0.76092E+03
    0.39749E-03    0.77570E+03
    0.40552E-03    0.79076E+03
    0.41371E-03    0.80611E+03
    0.42207E-03    0.82176E+03
    0.43060E-03    0.83770E+03
    0.43929E-03    0.85395E+03
    0.44817E-03    0.87050E+03
    0.45722E-03    0.88737E+03
    0.46646E-03    0.90456E+03
    0.47588E-03    0.92207E+03
    0.48550E-03    0.93992E+03
    0.49530E-03    0.95812E+03
    0.50531E-03    0.97666E+03
    0.51552E-03    0.99555E+03
    0.52593E-03    0.10148E+04
    0.53656E-03    0.10344E+04
    0.54739E-03    0.10544E+04
    0.55845E-03    0.10748E+04
    0.56973E-03    0.10955E+04
    0.58124E-03    0.11166E+04
    0.59299E-03    0.11381E+04
    0.60496E-03    0.11601E+04
    0.61719E-03    0.11824E+04
    0.62965E-03    0.12051E+04
    0.64237E-03    0.12283E+04
    0.65535E-03    0.12519E+04
    0.66859E-03    0.12760E+04
    0.68210E-03    0.13005E+04
    0.69588E-03    0.13254E+04
    0.70993E-03    0.13508E+04
    0.72427E-03    0.13767E+04
    0.73891E-03    0.14030E+04
    0.75383E-03    0.14298E+04
    0.76906E-03    0.14571E+04
    0.78460E-03    0.14850E+04
    0.80045E-03    0.15133E+04
    0.81662E-03    0.15421E+04
    0.83311E-03    0.15714E+04
    0.84994E-03    0.16013E+04
    0.86711E-03    0.16317E+04
    0.88463E-03    0.16627E+04
    0.90250E-03    0.16942E+04
    0.92073E-03    0.17263E+04
    0.93933E-03    0.17590E+04
    0.95831E-03    0.17922E+04
    0.97767E-03    0.18261E+04
    0.99742E-03    0.18605E+04
    0.10176E-02    0.18955E+04
    0.10381E-02    0.19312E+04
    0.10591E-02    0.19674E+04
    0.10805E-02    0.20043E+04
    0.11023E-02    0.20418E+04
    0.11246E-02    0.20800E+04
    0.11473E-02    0.21189E+04
    0.11705E-02    0.21584E+04
    0.11941E-02    0.21986E+04
    0.12182E-02    0.22394E+04
    0.12429E-02    0.22810E+04
    0.12680E-02    0.23232E+04
    0.12936E-02    0.23662E+04
    0.13197E-02    0.24099E+04
    0.13464E-02    0.24543E+04
    0.13736E-02    0.24994E+04
    0.14013E-02    0.25453E+04
    0.14296E-02    0.25919E+04
    0.14585E-02    0.26393E+04
    0.14880E-02    0.26875E+04
    0.15180E-02    0.27364E+04
    0.15487E-02    0.27861E+04
    0.15800E-02    0.28366E+04
    0.16119E-02    0.28880E+04
    0.16445E-02    0.29401E+04
    0.16777E-02    0.29930E+04
    0.17116E-02    0.30467E+04
    0.17462E-02    0.31012E+04
    0.17814E-02    0.31566E+04
    0.18174E-02    0.32128E+04
    0.18541E-02    0.32699E+04
    0.18916E-02    0.33278E+04
    0.19298E-02    0.33865E+04
    0.19688E-02    0.34462E+04
    0.20086E-02    0.35067E+04
    0.20491E-02    0.35680E+04
    0.20905E-02    0.36303E+04
    0.21328E-02    0.36934E+04
    0.21758E-02    0.37574E+04
    0.22198E-02    0.38223E+04
    0.22646E-02    0.38880E+04
    0.23104E-02    0.39547E+04
    0.23571E-02    0.40222E+04
    0.24047E-02    0.40907E+04
    0.24533E-02    0.41600E+04
    0.25028E-02    0.42303E+04
    0.25534E-02    0.43014E+04
    0.26050E-02    0.43735E+04
    0.26576E-02    0.44464E+04
    0.27113E-02    0.45201E+04
    0.27660E-02    0.45948E+04
    0.28219E-02    0.46703E+04
    0.28789E-02    0.47468E+04
    0.29371E-02    0.48241E+04
    0.29964E-02    0.49023E+04
    0.30569E-02    0.49814E+04
    0.31187E-02    0.50614E+04
    0.31817E-02    0.51422E+04
    0.32460E-02    0.52238E+04
    0.33115E-02    0.53063E+04
    0.33784E-02    0.53895E+04
    0.34467E-02    0.54736E+04
    0.35163E-02    0.55585E+04
    0.35874E-02    0.56442E+04
    0.36598E-02    0.57307E+04
    0.37338E-02    0.58180E+04
    0.38092E-02    0.59060E+04
    0.38861E-02    0.59947E+04
    0.39646E-02    0.60840E+04
    0.40447E-02    0.61740E+04
    0.41264E-02    0.62648E+04
    0.42098E-02    0.63563E+04
    0.42948E-02    0.64485E+04
    0.43816E-02    0.65415E+04
    0.44701E-02    0.66352E+04
    0.45604E-02    0.67294E+04
    0.46525E-02    0.68241E+04
    0.47465E-02    0.69192E+04
    0.48424E-02    0.70144E+04
    0.49402E-02    0.71099E+04
    0.50400E-02    0.72057E+04
    0.51419E-02    0.73018E+04
    0.52457E-02    0.73983E+04
    0.53517E-02    0.74952E+04
    0.54598E-02    0.75925E+04
    0.55701E-02    0.76900E+04
    0.56826E-02    0.77877E+04
    0.57974E-02    0.78856E+04
    0.59145E-02    0.79836E+04
    0.60340E-02    0.80816E+04
    0.61559E-02    0.81795E+04
    0.62803E-02    0.82773E+04
    0.64072E-02    0.83749E+04
    0.65366E-02    0.84724E+04
    0.66686E-02    0.85695E+04
    0.68033E-02    0.86663E+04
    0.69408E-02    0.87628E+04
    0.70810E-02    0.88588E+04
    0.72240E-02    0.89545E+04
    0.73700E-02    0.90495E+04
    0.75189E-02    0.91439E+04
    0.76708E-02    0.92376E+04
    0.78257E-02    0.93304E+04
    0.79838E-02    0.94222E+04
    0.81451E-02    0.95130E+04
    0.83096E-02    0.96028E+04
    0.84775E-02    0.96914E+04
    0.86488E-02    0.97789E+04
    0.88235E-02    0.98651E+04
    0.90017E-02    0.99499E+04
    0.91836E-02    0.10033E+05
    0.93691E-02    0.10115E+05
    0.95583E-02    0.10195E+05
    0.97514E-02    0.10273E+05
    0.99484E-02    0.10350E+05
    0.10149E-01    0.10424E+05
    0.10354E-01    0.10496E+05
    0.10564E-01    0.10566E+05
    0.10777E-01    0.10634E+05
    0.10995E-01    0.10699E+05
    0.11217E-01    0.10762E+05
    0.11443E-01    0.10822E+05
    0.11675E-01    0.10879E+05
    0.11910E-01    0.10934E+05
    0.12151E-01    0.10985E+05
    0.12397E-01    0.11034E+05
    0.12647E-01    0.11079E+05
    0.12902E-01    0.11120E+05
    0.13163E-01    0.11158E+05
    0.13429E-01    0.11192E+05
    0.13700E-01    0.11223E+05
    0.13977E-01    0.11249E+05
    0.14259E-01    0.11272E+05
    0.14547E-01    0.11291E+05
    0.14841E-01    0.11305E+05
    0.15141E-01    0.11316E+05
    0.15447E-01    0.11321E+05
    0.15759E-01    0.11323E+05
    0.16077E-01    0.11319E+05
    0.16402E-01    0.11311E+05
    0.16734E-01    0.11297E+05
    0.17072E-01    0.11279E+05
    0.17416E-01    0.11256E+05
    0.17768E-01    0.11227E+05
    0.18127E-01    0.11194E+05
    0.18493E-01    0.11155E+05
    0.18867E-01    0.11111E+05
    0.19248E-01    0.11061E+05
    0.19637E-01    0.11006E+05
    0.20034E-01    0.10946E+05
    0.20438E-01    0.10881E+05
    0.20851E-01    0.10809E+05
    0.21272E-01    0.10733E+05
    0.21702E-01    0.10651E+05
    0.22141E-01    0.10563E+05
    0.22588E-01    0.10471E+05
    0.23044E-01    0.10373E+05
    0.23510E-01    0.10271E+05
    0.23985E-01    0.10163E+05
    0.24469E-01    0.10051E+05
    0.24964E-01    0.99343E+04
    0.25468E-01    0.98132E+04
    0.25982E-01    0.96877E+04
    0.26507E-01    0.95583E+04
    0.27043E-01    0.94250E+04
    0.27589E-01    0.92882E+04
    0.28146E-01    0.91482E+04
    0.28715E-01    0.90052E+04
    0.29295E-01    0.88596E+04
    0.29887E-01    0.87119E+04
    0.30490E-01    0.85623E+04
    0.31106E-01    0.84113E+04
    0.31735E-01    0.82593E+04
    0.32376E-01    0.81066E+04
    0.33030E-01    0.79537E+04
    0.33697E-01    0.78008E+04
    0.34378E-01    0.76483E+04
    0.35072E-01    0.74966E+04
    0.35781E-01    0.73462E+04
    0.36504E-01    0.71975E+04
    0.37241E-01    0.70510E+04
    0.37993E-01    0.69072E+04
    0.38761E-01    0.67665E+04
    0.39544E-01    0.66290E+04
    0.40343E-01    0.64949E+04
    0.41158E-01    0.63644E+04
    0.41989E-01    0.62377E+04
    0.42838E-01    0.61148E+04
    0.43703E-01    0.59964E+04
    0.44586E-01    0.58827E+04
    0.45486E-01    0.57742E+04
    0.46405E-01    0.56713E+04
    0.47343E-01    0.55739E+04
    0.48299E-01    0.54817E+04
    0.49275E-01    0.53941E+04
    0.50270E-01    0.53107E+04
    0.51286E-01    0.52311E+04
    0.52322E-01    0.51549E+04
    0.53379E-01    0.50820E+04
    0.54457E-01    0.50121E+04
    0.55557E-01    0.49448E+04
    0.56680E-01    0.48795E+04
    0.57825E-01    0.48154E+04
    0.58993E-01    0.47519E+04
    0.60184E-01    0.46880E+04
    0.61400E-01    0.46234E+04
    0.62641E-01    0.45571E+04
    0.63906E-01    0.44887E+04
    0.65197E-01    0.44175E+04
    0.66514E-01    0.43429E+04
    0.67858E-01    0.42642E+04
    0.69229E-01    0.41811E+04
    0.70627E-01    0.40932E+04
    0.72054E-01    0.40003E+04
    0.73510E-01    0.39025E+04
    0.74994E-01    0.37999E+04
    0.76509E-01    0.36928E+04
    0.78055E-01    0.35819E+04
    0.79632E-01    0.34679E+04
    0.81241E-01    0.33515E+04
    0.82882E-01    0.32340E+04
    0.84556E-01    0.31163E+04
    0.86264E-01    0.29995E+04
    0.88007E-01    0.28849E+04
    0.89785E-01    0.27735E+04
    0.91598E-01    0.26667E+04
    0.93449E-01    0.25655E+04
    0.95337E-01    0.24709E+04
    0.97263E-01    0.23835E+04
    0.99227E-01    0.23041E+04
    0.10123E+00    0.22328E+04
    0.10328E+00    0.21695E+04
    0.10536E+00    0.21139E+04
    0.10749E+00    0.20652E+04
    0.10966E+00    0.20224E+04
    0.11188E+00    0.19843E+04
    0.11414E+00    0.19496E+04
    0.11644E+00    0.19169E+04
    0.11880E+00    0.18845E+04
    0.12120E+00    0.18510E+04
    0.12365E+00    0.18150E+04
    0.12614E+00    0.17752E+04
    0.12869E+00    0.17308E+04
    0.13129E+00    0.16815E+04
    0.13394E+00    0.16273E+04
    0.13665E+00    0.15688E+04
    0.13941E+00    0.15068E+04
    0.14223E+00    0.14428E+04
    0.14510E+00    0.13782E+04
    0.14803E+00    0.13146E+04
    0.15102E+00    0.12537E+04
    0.15407E+00    0.11970E+04
    0.15718E+00    0.11459E+04
    0.16036E+00    0.11014E+04
    0.16360E+00    0.10635E+04
    0.16690E+00    0.10317E+04
    0.17028E+00    0.10049E+04
    0.17371E+00    0.98178E+03
    0.17722E+00    0.96081E+03
    0.18080E+00    0.94047E+03
    0.18446E+00    0.91918E+03
    0.18818E+00    0.89556E+03
    0.19198E+00    0.86862E+03
    0.19586E+00    0.83805E+03
    0.19982E+00    0.80442E+03
    0.20386E+00    0.76894E+03
    0.20797E+00    0.73310E+03
    0.21218E+00    0.69836E+03
    0.21646E+00    0.66606E+03
    0.22083E+00    0.63724E+03
    0.22530E+00    0.61244E+03
    0.22985E+00    0.59150E+03
    0.23449E+00    0.57376E+03
    0.23923E+00    0.55808E+03
    0.24406E+00    0.54309E+03
    0.24899E+00    0.52752E+03
    0.25402E+00    0.51042E+03
    0.25915E+00    0.49147E+03
    0.26439E+00    0.47109E+03
    0.26973E+00    0.45003E+03
    0.27518E+00    0.42940E+03
    0.28074E+00    0.41017E+03
    0.28641E+00    0.39294E+03
    0.29219E+00    0.37798E+03
    0.29810E+00    0.36493E+03
    0.30412E+00    0.35304E+03
    0.31026E+00    0.34146E+03
    0.31653E+00    0.32952E+03
    0.32292E+00    0.31688E+03
    0.32945E+00    0.30366E+03
    0.33610E+00    0.29037E+03
    0.34289E+00    0.27763E+03
    0.34982E+00    0.26593E+03
    0.35689E+00    0.25537E+03
    0.36409E+00    0.24581E+03
    0.37145E+00    0.23682E+03
    0.37895E+00    0.22798E+03
    0.38661E+00    0.21897E+03
    0.39442E+00    0.20985E+03
    0.40239E+00    0.20085E+03
    0.41052E+00    0.19229E+03
    0.41881E+00    0.18434E+03
    0.42727E+00    0.17696E+03
    0.43590E+00    0.16999E+03
    0.44471E+00    0.16324E+03
    0.45369E+00    0.15653E+03
    0.46286E+00    0.14992E+03
    0.47221E+00    0.14355E+03
    0.48174E+00    0.13750E+03
    0.49148E+00    0.13180E+03
    0.50141E+00    0.12639E+03
    0.51153E+00    0.12117E+03
    0.52187E+00    0.11607E+03
    0.53241E+00    0.11113E+03
    0.54317E+00    0.10638E+03
    0.55414E+00    0.10188E+03
    0.56533E+00    0.97576E+02
    0.57675E+00    0.93431E+02
    0.58840E+00    0.89444E+02
    0.60029E+00    0.85613E+02
    0.61242E+00    0.81937E+02
    0.62479E+00    0.78413E+02
    0.63741E+00    0.75034E+02
    0.65029E+00    0.71794E+02
    0.66342E+00    0.68688E+02
    0.67683E+00    0.65711E+02
    0.69050E+00    0.62857E+02
    0.70445E+00    0.60121E+02
    0.71868E+00    0.57498E+02
    0.73320E+00    0.54984E+02
    0.74801E+00    0.52575E+02
    0.76312E+00    0.50266E+02
    0.77854E+00    0.48053E+02
    0.79426E+00    0.45934E+02
    0.81031E+00    0.43903E+02
    0.82668E+00    0.41958E+02
    0.84338E+00    0.40096E+02
    0.86041E+00    0.38313E+02
    0.87780E+00    0.36606E+02
    0.89553E+00    0.34972E+02
    0.91362E+00    0.33408E+02
    0.93208E+00    0.31911E+02
    0.95091E+00    0.30479E+02
    0.97011E+00    0.29108E+02
    0.98971E+00    0.27797E+02
    0.10097E+01    0.26543E+02
    0.10301E+01    0.25343E+02
    0.10509E+01    0.24195E+02
    0.10721E+01    0.23097E+02
    0.10938E+01    0.22048E+02
    0.11159E+01    0.21044E+02
    0.11384E+01    0.20084E+02
    0.11614E+01    0.19166E+02
    0.11849E+01    0.18289E+02
    0.12088E+01    0.17450E+02
    0.12333E+01    0.16648E+02
    0.12582E+01    0.15883E+02
    0.12836E+01    0.15151E+02
    0.13095E+01    0.14452E+02
    0.13360E+01    0.13784E+02
    0.13630E+01    0.13146E+02
    0.13905E+01    0.12537E+02
    0.14186E+01    0.11955E+02
    0.14472E+01    0.11400E+02
    0.14765E+01    0.10870E+02
    0.15063E+01    0.10363E+02
    0.15367E+01    0.98796E+01
    0.15678E+01    0.94179E+01
    0.15994E+01    0.89773E+01
    0.16318E+01    0.85566E+01
    0.16647E+01    0.81551E+01
    0.16984E+01    0.77719E+01
    0.17327E+01    0.74061E+01
    0.17677E+01    0.70571E+01
    0.18034E+01    0.67241E+01
    0.18398E+01    0.64064E+01
    0.18770E+01    0.61033E+01
    0.19149E+01    0.58142E+01
    0.19536E+01    0.55384E+01
    0.19930E+01    0.52754E+01
    0.20333E+01    0.50246E+01
    0.20744E+01    0.47854E+01
    0.21163E+01    0.45573E+01
    0.21590E+01    0.43399E+01
    0.22026E+01    0.41325E+01
    0.22471E+01    0.39349E+01
    0.22925E+01    0.37465E+01
    0.23388E+01    0.35669E+01
    0.23861E+01    0.33957E+01
    0.24343E+01    0.32326E+01
    0.24835E+01    0.30771E+01
    0.25336E+01    0.29290E+01
    0.25848E+01    0.27878E+01
    0.26370E+01    0.26533E+01
    0.26903E+01    0.25251E+01
    0.27447E+01    0.24030E+01
    0.28001E+01    0.22867E+01
    0.28567E+01    0.21759E+01
    0.29144E+01    0.20703E+01
    0.29733E+01    0.19698E+01
    0.30333E+01    0.18740E+01
    0.30946E+01    0.17828E+01
    0.31571E+01    0.16960E+01
    0.32209E+01    0.16133E+01
    0.32860E+01    0.15345E+01
    0.33523E+01    0.14595E+01
    0.34201E+01    0.13881E+01
    0.34892E+01    0.13202E+01
    0.35596E+01    0.12555E+01
    0.36316E+01    0.11939E+01
    0.37049E+01    0.11353E+01
    0.37798E+01    0.10795E+01
    0.38561E+01    0.10264E+01
    0.39340E+01    0.97590E+00
    0.40135E+01    0.92783E+00
    0.40946E+01    0.88208E+00
    0.41773E+01    0.83855E+00
    0.42617E+01    0.79714E+00
    0.43478E+01    0.75773E+00
    0.44356E+01    0.72024E+00
    0.45252E+01    0.68458E+00
    0.46166E+01    0.65065E+00
    0.47099E+01    0.61837E+00
    0.48050E+01    0.58767E+00
    0.49021E+01    0.55847E+00
    0.50011E+01    0.53070E+00
    0.51021E+01    0.50428E+00
    0.52052E+01    0.47916E+00
    0.53104E+01    0.45528E+00
    0.54176E+01    0.43257E+00
    0.55271E+01    0.41097E+00
    0.56387E+01    0.39044E+00
    0.57526E+01    0.37091E+00
    0.58689E+01    0.35235E+00
    0.59874E+01    0.33471E+00
    0.61084E+01    0.31793E+00
    0.62318E+01    0.30199E+00
    0.63577E+01    0.28683E+00
    0.64861E+01    0.27243E+00
    0.66171E+01    0.25873E+00
    0.67508E+01    0.24572E+00
    0.68872E+01    0.23335E+00
    0.70263E+01    0.22159E+00
    0.71682E+01    0.21042E+00
    0.73130E+01    0.19981E+00
    0.74608E+01    0.18972E+00
    0.76115E+01    0.18014E+00
    0.77653E+01    0.17103E+00
    0.79221E+01    0.16238E+00
    0.80822E+01    0.15416E+00
    0.82454E+01    0.14636E+00
    0.84120E+01    0.13894E+00
    0.85819E+01    0.13189E+00
    0.87553E+01    0.12520E+00
    0.89322E+01    0.11885E+00
    0.91126E+01    0.11281E+00
    0.92967E+01    0.10707E+00
    0.94845E+01    0.10163E+00
    0.96761E+01    0.96452E-01
    0.98716E+01    0.91538E-01
    0.10071E+02    0.86871E-01
    0.10274E+02    0.82439E-01
    0.10482E+02    0.78230E-01
    0.10694E+02    0.74233E-01
    0.10910E+02    0.70439E-01
    0.11130E+02    0.66837E-01
    0.11355E+02    0.63419E-01
    0.11584E+02    0.60174E-01
    0.11818E+02    0.57095E-01
    0.12057E+02    0.54172E-01
