#           k/h    P           
    0.10000E-03    0.20434E+03
    0.10202E-03    0.20834E+03
    0.10408E-03    0.21241E+03
    0.10618E-03    0.21656E+03
    0.10833E-03    0.22080E+03
    0.11052E-03    0.22512E+03
    0.11275E-03    0.22952E+03
    0.11503E-03    0.23400E+03
    0.11735E-03    0.23858E+03
    0.11972E-03    0.24325E+03
    0.12214E-03    0.24800E+03
    0.12461E-03    0.25285E+03
    0.12712E-03    0.25780E+03
    0.12969E-03    0.26284E+03
    0.13231E-03    0.26798E+03
    0.13499E-03    0.27322E+03
    0.13771E-03    0.27856E+03
    0.14049E-03    0.28401E+03
    0.14333E-03    0.28956E+03
    0.14623E-03    0.29522E+03
    0.14918E-03    0.30099E+03
    0.15220E-03    0.30687E+03
    0.15527E-03    0.31287E+03
    0.15841E-03    0.31898E+03
    0.16161E-03    0.32522E+03
    0.16487E-03    0.33158E+03
    0.16820E-03    0.33806E+03
    0.17160E-03    0.34466E+03
    0.17507E-03    0.35140E+03
    0.17860E-03    0.35827E+03
    0.18221E-03    0.36527E+03
    0.18589E-03    0.37241E+03
    0.18965E-03    0.37968E+03
    0.19348E-03    0.38710E+03
    0.19739E-03    0.39466E+03
    0.20138E-03    0.40237E+03
    0.20544E-03    0.41022E+03
    0.20959E-03    0.41823E+03
    0.21383E-03    0.42640E+03
    0.21815E-03    0.43472E+03
    0.22255E-03    0.44321E+03
    0.22705E-03    0.45186E+03
    0.23164E-03    0.46068E+03
    0.23632E-03    0.46967E+03
    0.24109E-03    0.47884E+03
    0.24596E-03    0.48819E+03
    0.25093E-03    0.49771E+03
    0.25600E-03    0.50743E+03
    0.26117E-03    0.51732E+03
    0.26645E-03    0.52741E+03
    0.27183E-03    0.53770E+03
    0.27732E-03    0.54818E+03
    0.28292E-03    0.55887E+03
    0.28864E-03    0.56976E+03
    0.29447E-03    0.58087E+03
    0.30042E-03    0.59218E+03
    0.30649E-03    0.60372E+03
    0.31268E-03    0.61548E+03
    0.31899E-03    0.62747E+03
    0.32544E-03    0.63969E+03
    0.33201E-03    0.65214E+03
    0.33872E-03    0.66484E+03
    0.34556E-03    0.67777E+03
    0.35254E-03    0.69096E+03
    0.35966E-03    0.70441E+03
    0.36693E-03    0.71811E+03
    0.37434E-03    0.73207E+03
    0.38190E-03    0.74630E+03
    0.38962E-03    0.76081E+03
    0.39749E-03    0.77559E+03
    0.40552E-03    0.79066E+03
    0.41371E-03    0.80601E+03
    0.42207E-03    0.82166E+03
    0.43060E-03    0.83760E+03
    0.43929E-03    0.85385E+03
    0.44817E-03    0.87041E+03
    0.45722E-03    0.88729E+03
    0.46646E-03    0.90449E+03
    0.47588E-03    0.92201E+03
    0.48550E-03    0.93987E+03
    0.49530E-03    0.95807E+03
    0.50531E-03    0.97661E+03
    0.51552E-03    0.99550E+03
    0.52593E-03    0.10147E+04
    0.53656E-03    0.10343E+04
    0.54739E-03    0.10543E+04
    0.55845E-03    0.10747E+04
    0.56973E-03    0.10954E+04
    0.58124E-03    0.11165E+04
    0.59299E-03    0.11380E+04
    0.60496E-03    0.11600E+04
    0.61719E-03    0.11823E+04
    0.62965E-03    0.12051E+04
    0.64237E-03    0.12283E+04
    0.65535E-03    0.12519E+04
    0.66859E-03    0.12760E+04
    0.68210E-03    0.13005E+04
    0.69588E-03    0.13254E+04
    0.70993E-03    0.13508E+04
    0.72427E-03    0.13767E+04
    0.73891E-03    0.14030E+04
    0.75383E-03    0.14298E+04
    0.76906E-03    0.14571E+04
    0.78460E-03    0.14849E+04
    0.80045E-03    0.15133E+04
    0.81662E-03    0.15421E+04
    0.83311E-03    0.15715E+04
    0.84994E-03    0.16014E+04
    0.86711E-03    0.16319E+04
    0.88463E-03    0.16629E+04
    0.90250E-03    0.16944E+04
    0.92073E-03    0.17265E+04
    0.93933E-03    0.17592E+04
    0.95831E-03    0.17925E+04
    0.97767E-03    0.18263E+04
    0.99742E-03    0.18608E+04
    0.10176E-02    0.18959E+04
    0.10381E-02    0.19316E+04
    0.10591E-02    0.19679E+04
    0.10805E-02    0.20048E+04
    0.11023E-02    0.20424E+04
    0.11246E-02    0.20807E+04
    0.11473E-02    0.21196E+04
    0.11705E-02    0.21591E+04
    0.11941E-02    0.21994E+04
    0.12182E-02    0.22403E+04
    0.12429E-02    0.22819E+04
    0.12680E-02    0.23243E+04
    0.12936E-02    0.23673E+04
    0.13197E-02    0.24111E+04
    0.13464E-02    0.24556E+04
    0.13736E-02    0.25009E+04
    0.14013E-02    0.25469E+04
    0.14296E-02    0.25937E+04
    0.14585E-02    0.26413E+04
    0.14880E-02    0.26896E+04
    0.15180E-02    0.27387E+04
    0.15487E-02    0.27886E+04
    0.15800E-02    0.28392E+04
    0.16119E-02    0.28907E+04
    0.16445E-02    0.29430E+04
    0.16777E-02    0.29962E+04
    0.17116E-02    0.30501E+04
    0.17462E-02    0.31049E+04
    0.17814E-02    0.31605E+04
    0.18174E-02    0.32170E+04
    0.18541E-02    0.32744E+04
    0.18916E-02    0.33326E+04
    0.19298E-02    0.33916E+04
    0.19688E-02    0.34516E+04
    0.20086E-02    0.35124E+04
    0.20491E-02    0.35741E+04
    0.20905E-02    0.36368E+04
    0.21328E-02    0.37003E+04
    0.21758E-02    0.37647E+04
    0.22198E-02    0.38300E+04
    0.22646E-02    0.38962E+04
    0.23104E-02    0.39633E+04
    0.23571E-02    0.40313E+04
    0.24047E-02    0.41002E+04
    0.24533E-02    0.41700E+04
    0.25028E-02    0.42407E+04
    0.25534E-02    0.43123E+04
    0.26050E-02    0.43848E+04
    0.26576E-02    0.44582E+04
    0.27113E-02    0.45325E+04
    0.27660E-02    0.46077E+04
    0.28219E-02    0.46839E+04
    0.28789E-02    0.47609E+04
    0.29371E-02    0.48388E+04
    0.29964E-02    0.49176E+04
    0.30569E-02    0.49973E+04
    0.31187E-02    0.50778E+04
    0.31817E-02    0.51592E+04
    0.32460E-02    0.52415E+04
    0.33115E-02    0.53246E+04
    0.33784E-02    0.54085E+04
    0.34467E-02    0.54932E+04
    0.35163E-02    0.55788E+04
    0.35874E-02    0.56651E+04
    0.36598E-02    0.57522E+04
    0.37338E-02    0.58401E+04
    0.38092E-02    0.59287E+04
    0.38861E-02    0.60180E+04
    0.39646E-02    0.61080E+04
    0.40447E-02    0.61986E+04
    0.41264E-02    0.62900E+04
    0.42098E-02    0.63822E+04
    0.42948E-02    0.64752E+04
    0.43816E-02    0.65691E+04
    0.44701E-02    0.66635E+04
    0.45604E-02    0.67582E+04
    0.46525E-02    0.68530E+04
    0.47465E-02    0.69475E+04
    0.48424E-02    0.70416E+04
    0.49402E-02    0.71354E+04
    0.50400E-02    0.72294E+04
    0.51419E-02    0.73238E+04
    0.52457E-02    0.74191E+04
    0.53517E-02    0.75155E+04
    0.54598E-02    0.76127E+04
    0.55701E-02    0.77106E+04
    0.56826E-02    0.78088E+04
    0.57974E-02    0.79071E+04
    0.59145E-02    0.80052E+04
    0.60340E-02    0.81031E+04
    0.61559E-02    0.82008E+04
    0.62803E-02    0.82984E+04
    0.64072E-02    0.83957E+04
    0.65366E-02    0.84929E+04
    0.66686E-02    0.85899E+04
    0.68033E-02    0.86865E+04
    0.69408E-02    0.87827E+04
    0.70810E-02    0.88784E+04
    0.72240E-02    0.89735E+04
    0.73700E-02    0.90679E+04
    0.75189E-02    0.91617E+04
    0.76708E-02    0.92546E+04
    0.78257E-02    0.93467E+04
    0.79838E-02    0.94379E+04
    0.81451E-02    0.95280E+04
    0.83096E-02    0.96171E+04
    0.84775E-02    0.97049E+04
    0.86488E-02    0.97915E+04
    0.88235E-02    0.98767E+04
    0.90017E-02    0.99605E+04
    0.91836E-02    0.10043E+05
    0.93691E-02    0.10123E+05
    0.95583E-02    0.10202E+05
    0.97514E-02    0.10279E+05
    0.99484E-02    0.10354E+05
    0.10149E-01    0.10427E+05
    0.10354E-01    0.10498E+05
    0.10564E-01    0.10566E+05
    0.10777E-01    0.10632E+05
    0.10995E-01    0.10695E+05
    0.11217E-01    0.10756E+05
    0.11443E-01    0.10814E+05
    0.11675E-01    0.10870E+05
    0.11910E-01    0.10922E+05
    0.12151E-01    0.10971E+05
    0.12397E-01    0.11018E+05
    0.12647E-01    0.11060E+05
    0.12902E-01    0.11100E+05
    0.13163E-01    0.11135E+05
    0.13429E-01    0.11167E+05
    0.13700E-01    0.11196E+05
    0.13977E-01    0.11220E+05
    0.14259E-01    0.11240E+05
    0.14547E-01    0.11256E+05
    0.14841E-01    0.11268E+05
    0.15141E-01    0.11275E+05
    0.15447E-01    0.11278E+05
    0.15759E-01    0.11276E+05
    0.16077E-01    0.11269E+05
    0.16402E-01    0.11258E+05
    0.16734E-01    0.11242E+05
    0.17072E-01    0.11220E+05
    0.17416E-01    0.11194E+05
    0.17768E-01    0.11162E+05
    0.18127E-01    0.11125E+05
    0.18493E-01    0.11083E+05
    0.18867E-01    0.11036E+05
    0.19248E-01    0.10983E+05
    0.19637E-01    0.10925E+05
    0.20034E-01    0.10861E+05
    0.20438E-01    0.10793E+05
    0.20851E-01    0.10718E+05
    0.21272E-01    0.10639E+05
    0.21702E-01    0.10554E+05
    0.22141E-01    0.10463E+05
    0.22588E-01    0.10368E+05
    0.23044E-01    0.10267E+05
    0.23510E-01    0.10162E+05
    0.23985E-01    0.10051E+05
    0.24469E-01    0.99364E+04
    0.24964E-01    0.98169E+04
    0.25468E-01    0.96931E+04
    0.25982E-01    0.95652E+04
    0.26507E-01    0.94334E+04
    0.27043E-01    0.92980E+04
    0.27589E-01    0.91592E+04
    0.28146E-01    0.90174E+04
    0.28715E-01    0.88728E+04
    0.29295E-01    0.87259E+04
    0.29887E-01    0.85768E+04
    0.30490E-01    0.84261E+04
    0.31106E-01    0.82741E+04
    0.31735E-01    0.81211E+04
    0.32376E-01    0.79675E+04
    0.33030E-01    0.78138E+04
    0.33697E-01    0.76604E+04
    0.34378E-01    0.75076E+04
    0.35072E-01    0.73558E+04
    0.35781E-01    0.72055E+04
    0.36504E-01    0.70571E+04
    0.37241E-01    0.69110E+04
    0.37993E-01    0.67678E+04
    0.38761E-01    0.66276E+04
    0.39544E-01    0.64907E+04
    0.40343E-01    0.63573E+04
    0.41158E-01    0.62276E+04
    0.41989E-01    0.61016E+04
    0.42838E-01    0.59796E+04
    0.43703E-01    0.58620E+04
    0.44586E-01    0.57491E+04
    0.45486E-01    0.56414E+04
    0.46405E-01    0.55392E+04
    0.47343E-01    0.54424E+04
    0.48299E-01    0.53507E+04
    0.49275E-01    0.52636E+04
    0.50270E-01    0.51805E+04
    0.51286E-01    0.51012E+04
    0.52322E-01    0.50253E+04
    0.53379E-01    0.49525E+04
    0.54457E-01    0.48826E+04
    0.55557E-01    0.48152E+04
    0.56680E-01    0.47497E+04
    0.57825E-01    0.46854E+04
    0.58993E-01    0.46214E+04
    0.60184E-01    0.45573E+04
    0.61400E-01    0.44922E+04
    0.62641E-01    0.44257E+04
    0.63906E-01    0.43571E+04
    0.65197E-01    0.42858E+04
    0.66514E-01    0.42113E+04
    0.67858E-01    0.41329E+04
    0.69229E-01    0.40504E+04
    0.70627E-01    0.39635E+04
    0.72054E-01    0.38719E+04
    0.73510E-01    0.37759E+04
    0.74994E-01    0.36755E+04
    0.76509E-01    0.35712E+04
    0.78055E-01    0.34635E+04
    0.79632E-01    0.33532E+04
    0.81241E-01    0.32411E+04
    0.82882E-01    0.31283E+04
    0.84556E-01    0.30156E+04
    0.86264E-01    0.29042E+04
    0.88007E-01    0.27952E+04
    0.89785E-01    0.26895E+04
    0.91598E-01    0.25884E+04
    0.93449E-01    0.24928E+04
    0.95337E-01    0.24035E+04
    0.97263E-01    0.23211E+04
    0.99227E-01    0.22462E+04
    0.10123E+00    0.21789E+04
    0.10328E+00    0.21190E+04
    0.10536E+00    0.20662E+04
    0.10749E+00    0.20197E+04
    0.10966E+00    0.19786E+04
    0.11188E+00    0.19417E+04
    0.11414E+00    0.19078E+04
    0.11644E+00    0.18756E+04
    0.11880E+00    0.18436E+04
    0.12120E+00    0.18106E+04
    0.12365E+00    0.17752E+04
    0.12614E+00    0.17365E+04
    0.12869E+00    0.16937E+04
    0.13129E+00    0.16466E+04
    0.13394E+00    0.15952E+04
    0.13665E+00    0.15403E+04
    0.13941E+00    0.14828E+04
    0.14223E+00    0.14237E+04
    0.14510E+00    0.13645E+04
    0.14803E+00    0.13064E+04
    0.15102E+00    0.12510E+04
    0.15407E+00    0.11996E+04
    0.15718E+00    0.11534E+04
    0.16036E+00    0.11129E+04
    0.16360E+00    0.10782E+04
    0.16690E+00    0.10489E+04
    0.17028E+00    0.10239E+04
    0.17371E+00    0.10019E+04
    0.17722E+00    0.98167E+03
    0.18080E+00    0.96190E+03
    0.18446E+00    0.94125E+03
    0.18818E+00    0.91857E+03
    0.19198E+00    0.89309E+03
    0.19586E+00    0.86467E+03
    0.19982E+00    0.83389E+03
    0.20386E+00    0.80179E+03
    0.20797E+00    0.76966E+03
    0.21218E+00    0.73873E+03
    0.21646E+00    0.71004E+03
    0.22083E+00    0.68437E+03
    0.22530E+00    0.66210E+03
    0.22985E+00    0.64309E+03
    0.23449E+00    0.62668E+03
    0.23923E+00    0.61187E+03
    0.24406E+00    0.59754E+03
    0.24899E+00    0.58266E+03
    0.25402E+00    0.56655E+03
    0.25915E+00    0.54906E+03
    0.26439E+00    0.53053E+03
    0.26973E+00    0.51166E+03
    0.27518E+00    0.49328E+03
    0.28074E+00    0.47615E+03
    0.28641E+00    0.46076E+03
    0.29219E+00    0.44719E+03
    0.29810E+00    0.43510E+03
    0.30412E+00    0.42391E+03
    0.31026E+00    0.41293E+03
    0.31653E+00    0.40165E+03
    0.32292E+00    0.38988E+03
    0.32945E+00    0.37775E+03
    0.33610E+00    0.36568E+03
    0.34289E+00    0.35414E+03
    0.34982E+00    0.34347E+03
    0.35689E+00    0.33371E+03
    0.36409E+00    0.32471E+03
    0.37145E+00    0.31616E+03
    0.37895E+00    0.30769E+03
    0.38661E+00    0.29914E+03
    0.39442E+00    0.29056E+03
    0.40239E+00    0.28215E+03
    0.41052E+00    0.27411E+03
    0.41881E+00    0.26656E+03
    0.42727E+00    0.25947E+03
    0.43590E+00    0.25269E+03
    0.44471E+00    0.24607E+03
    0.45369E+00    0.23953E+03
    0.46286E+00    0.23309E+03
    0.47221E+00    0.22685E+03
    0.48174E+00    0.22090E+03
    0.49148E+00    0.21522E+03
    0.50141E+00    0.20976E+03
    0.51153E+00    0.20445E+03
    0.52187E+00    0.19926E+03
    0.53241E+00    0.19420E+03
    0.54317E+00    0.18931E+03
    0.55414E+00    0.18462E+03
    0.56533E+00    0.18008E+03
    0.57675E+00    0.17567E+03
    0.58840E+00    0.17140E+03
    0.60029E+00    0.16725E+03
    0.61242E+00    0.16323E+03
    0.62479E+00    0.15933E+03
    0.63741E+00    0.15555E+03
    0.65029E+00    0.15188E+03
    0.66342E+00    0.14832E+03
    0.67683E+00    0.14487E+03
    0.69050E+00    0.14151E+03
    0.70445E+00    0.13825E+03
    0.71868E+00    0.13508E+03
    0.73320E+00    0.13201E+03
    0.74801E+00    0.12901E+03
    0.76312E+00    0.12610E+03
    0.77854E+00    0.12327E+03
    0.79426E+00    0.12051E+03
    0.81031E+00    0.11782E+03
    0.82668E+00    0.11520E+03
    0.84338E+00    0.11266E+03
    0.86041E+00    0.11017E+03
    0.87780E+00    0.10775E+03
    0.89553E+00    0.10539E+03
    0.91362E+00    0.10309E+03
    0.93208E+00    0.10084E+03
    0.95091E+00    0.98646E+02
    0.97011E+00    0.96504E+02
    0.98971E+00    0.94413E+02
    0.10097E+01    0.92370E+02
    0.10301E+01    0.90373E+02
    0.10509E+01    0.88421E+02
    0.10721E+01    0.86513E+02
    0.10938E+01    0.84647E+02
    0.11159E+01    0.82821E+02
    0.11384E+01    0.81034E+02
    0.11614E+01    0.79285E+02
    0.11849E+01    0.77572E+02
    0.12088E+01    0.75895E+02
    0.12333E+01    0.74252E+02
    0.12582E+01    0.72643E+02
    0.12836E+01    0.71066E+02
    0.13095E+01    0.69520E+02
    0.13360E+01    0.68004E+02
    0.13630E+01    0.66518E+02
    0.13905E+01    0.65061E+02
    0.14186E+01    0.63631E+02
    0.14472E+01    0.62229E+02
    0.14765E+01    0.60853E+02
    0.15063E+01    0.59503E+02
    0.15367E+01    0.58177E+02
    0.15678E+01    0.56877E+02
    0.15994E+01    0.55600E+02
    0.16318E+01    0.54346E+02
    0.16647E+01    0.53115E+02
    0.16984E+01    0.51907E+02
    0.17327E+01    0.50720E+02
    0.17677E+01    0.49555E+02
    0.18034E+01    0.48410E+02
    0.18398E+01    0.47286E+02
    0.18770E+01    0.46182E+02
    0.19149E+01    0.45098E+02
    0.19536E+01    0.44033E+02
    0.19930E+01    0.42987E+02
    0.20333E+01    0.41959E+02
    0.20744E+01    0.40950E+02
    0.21163E+01    0.39959E+02
    0.21590E+01    0.38986E+02
    0.22026E+01    0.38031E+02
    0.22471E+01    0.37092E+02
    0.22925E+01    0.36171E+02
    0.23388E+01    0.35266E+02
    0.23861E+01    0.34377E+02
    0.24343E+01    0.33505E+02
    0.24835E+01    0.32649E+02
    0.25336E+01    0.31809E+02
    0.25848E+01    0.30984E+02
    0.26370E+01    0.30175E+02
    0.26903E+01    0.29381E+02
    0.27447E+01    0.28603E+02
    0.28001E+01    0.27839E+02
    0.28567E+01    0.27089E+02
    0.29144E+01    0.26355E+02
    0.29733E+01    0.25634E+02
    0.30333E+01    0.24928E+02
    0.30946E+01    0.24236E+02
    0.31571E+01    0.23558E+02
    0.32209E+01    0.22894E+02
    0.32860E+01    0.22243E+02
    0.33523E+01    0.21605E+02
    0.34201E+01    0.20981E+02
    0.34892E+01    0.20371E+02
    0.35596E+01    0.19773E+02
    0.36316E+01    0.19188E+02
    0.37049E+01    0.18616E+02
    0.37798E+01    0.18056E+02
    0.38561E+01    0.17509E+02
    0.39340E+01    0.16975E+02
    0.40135E+01    0.16452E+02
    0.40946E+01    0.15942E+02
    0.41773E+01    0.15443E+02
    0.42617E+01    0.14957E+02
    0.43478E+01    0.14482E+02
    0.44356E+01    0.14019E+02
    0.45252E+01    0.13567E+02
    0.46166E+01    0.13126E+02
    0.47099E+01    0.12696E+02
    0.48050E+01    0.12278E+02
    0.49021E+01    0.11870E+02
    0.50011E+01    0.11473E+02
    0.51021E+01    0.11086E+02
    0.52052E+01    0.10710E+02
    0.53104E+01    0.10344E+02
    0.54176E+01    0.99880E+01
    0.55271E+01    0.96419E+01
    0.56387E+01    0.93056E+01
    0.57526E+01    0.89789E+01
    0.58689E+01    0.86616E+01
    0.59874E+01    0.83535E+01
    0.61084E+01    0.80545E+01
    0.62318E+01    0.77643E+01
    0.63577E+01    0.74829E+01
    0.64861E+01    0.72101E+01
    0.66171E+01    0.69456E+01
    0.67508E+01    0.66894E+01
    0.68872E+01    0.64411E+01
    0.70263E+01    0.62008E+01
    0.71682E+01    0.59681E+01
    0.73130E+01    0.57429E+01
    0.74608E+01    0.55251E+01
    0.76115E+01    0.53145E+01
    0.77653E+01    0.51109E+01
    0.79221E+01    0.49142E+01
    0.80822E+01    0.47241E+01
    0.82454E+01    0.45406E+01
    0.84120E+01    0.43633E+01
    0.85819E+01    0.41923E+01
    0.87553E+01    0.40271E+01
    0.89322E+01    0.38678E+01
    0.91126E+01    0.37140E+01
    0.92967E+01    0.35657E+01
    0.94845E+01    0.34227E+01
    0.96761E+01    0.32847E+01
    0.98716E+01    0.31517E+01
    0.10071E+02    0.30235E+01
    0.10274E+02    0.28999E+01
    0.10482E+02    0.27809E+01
    0.10694E+02    0.26664E+01
    0.10910E+02    0.25563E+01
    0.11130E+02    0.24504E+01
    0.11355E+02    0.23487E+01
    0.11584E+02    0.22511E+01
    0.11818E+02    0.21574E+01
    0.12057E+02    0.20675E+01
