#           k/h    P           
    0.10000E-03    0.19935E+03
    0.10202E-03    0.20325E+03
    0.10408E-03    0.20723E+03
    0.10618E-03    0.21129E+03
    0.10833E-03    0.21543E+03
    0.11052E-03    0.21965E+03
    0.11275E-03    0.22396E+03
    0.11503E-03    0.22835E+03
    0.11735E-03    0.23282E+03
    0.11972E-03    0.23739E+03
    0.12214E-03    0.24204E+03
    0.12461E-03    0.24678E+03
    0.12712E-03    0.25162E+03
    0.12969E-03    0.25655E+03
    0.13231E-03    0.26157E+03
    0.13499E-03    0.26669E+03
    0.13771E-03    0.27192E+03
    0.14049E-03    0.27724E+03
    0.14333E-03    0.28267E+03
    0.14623E-03    0.28821E+03
    0.14918E-03    0.29385E+03
    0.15220E-03    0.29961E+03
    0.15527E-03    0.30548E+03
    0.15841E-03    0.31146E+03
    0.16161E-03    0.31756E+03
    0.16487E-03    0.32378E+03
    0.16820E-03    0.33012E+03
    0.17160E-03    0.33658E+03
    0.17507E-03    0.34317E+03
    0.17860E-03    0.34989E+03
    0.18221E-03    0.35674E+03
    0.18589E-03    0.36372E+03
    0.18965E-03    0.37084E+03
    0.19348E-03    0.37810E+03
    0.19739E-03    0.38550E+03
    0.20138E-03    0.39305E+03
    0.20544E-03    0.40074E+03
    0.20959E-03    0.40858E+03
    0.21383E-03    0.41657E+03
    0.21815E-03    0.42473E+03
    0.22255E-03    0.43303E+03
    0.22705E-03    0.44151E+03
    0.23164E-03    0.45014E+03
    0.23632E-03    0.45895E+03
    0.24109E-03    0.46792E+03
    0.24596E-03    0.47707E+03
    0.25093E-03    0.48640E+03
    0.25600E-03    0.49591E+03
    0.26117E-03    0.50560E+03
    0.26645E-03    0.51548E+03
    0.27183E-03    0.52555E+03
    0.27732E-03    0.53582E+03
    0.28292E-03    0.54628E+03
    0.28864E-03    0.55695E+03
    0.29447E-03    0.56783E+03
    0.30042E-03    0.57891E+03
    0.30649E-03    0.59021E+03
    0.31268E-03    0.60173E+03
    0.31899E-03    0.61347E+03
    0.32544E-03    0.62544E+03
    0.33201E-03    0.63764E+03
    0.33872E-03    0.65008E+03
    0.34556E-03    0.66275E+03
    0.35254E-03    0.67567E+03
    0.35966E-03    0.68884E+03
    0.36693E-03    0.70227E+03
    0.37434E-03    0.71595E+03
    0.38190E-03    0.72989E+03
    0.38962E-03    0.74410E+03
    0.39749E-03    0.75859E+03
    0.40552E-03    0.77335E+03
    0.41371E-03    0.78839E+03
    0.42207E-03    0.80372E+03
    0.43060E-03    0.81935E+03
    0.43929E-03    0.83527E+03
    0.44817E-03    0.85150E+03
    0.45722E-03    0.86804E+03
    0.46646E-03    0.88490E+03
    0.47588E-03    0.90206E+03
    0.48550E-03    0.91955E+03
    0.49530E-03    0.93737E+03
    0.50531E-03    0.95552E+03
    0.51552E-03    0.97402E+03
    0.52593E-03    0.99287E+03
    0.53656E-03    0.10121E+04
    0.54739E-03    0.10317E+04
    0.55845E-03    0.10517E+04
    0.56973E-03    0.10720E+04
    0.58124E-03    0.10927E+04
    0.59299E-03    0.11138E+04
    0.60496E-03    0.11353E+04
    0.61719E-03    0.11572E+04
    0.62965E-03    0.11796E+04
    0.64237E-03    0.12023E+04
    0.65535E-03    0.12254E+04
    0.66859E-03    0.12490E+04
    0.68210E-03    0.12730E+04
    0.69588E-03    0.12975E+04
    0.70993E-03    0.13224E+04
    0.72427E-03    0.13478E+04
    0.73891E-03    0.13736E+04
    0.75383E-03    0.13999E+04
    0.76906E-03    0.14267E+04
    0.78460E-03    0.14540E+04
    0.80045E-03    0.14818E+04
    0.81662E-03    0.15101E+04
    0.83311E-03    0.15389E+04
    0.84994E-03    0.15683E+04
    0.86711E-03    0.15981E+04
    0.88463E-03    0.16285E+04
    0.90250E-03    0.16595E+04
    0.92073E-03    0.16910E+04
    0.93933E-03    0.17231E+04
    0.95831E-03    0.17557E+04
    0.97767E-03    0.17889E+04
    0.99742E-03    0.18227E+04
    0.10176E-02    0.18571E+04
    0.10381E-02    0.18921E+04
    0.10591E-02    0.19277E+04
    0.10805E-02    0.19640E+04
    0.11023E-02    0.20009E+04
    0.11246E-02    0.20385E+04
    0.11473E-02    0.20767E+04
    0.11705E-02    0.21155E+04
    0.11941E-02    0.21551E+04
    0.12182E-02    0.21952E+04
    0.12429E-02    0.22361E+04
    0.12680E-02    0.22777E+04
    0.12936E-02    0.23199E+04
    0.13197E-02    0.23629E+04
    0.13464E-02    0.24066E+04
    0.13736E-02    0.24511E+04
    0.14013E-02    0.24963E+04
    0.14296E-02    0.25422E+04
    0.14585E-02    0.25889E+04
    0.14880E-02    0.26364E+04
    0.15180E-02    0.26847E+04
    0.15487E-02    0.27337E+04
    0.15800E-02    0.27835E+04
    0.16119E-02    0.28341E+04
    0.16445E-02    0.28855E+04
    0.16777E-02    0.29377E+04
    0.17116E-02    0.29907E+04
    0.17462E-02    0.30446E+04
    0.17814E-02    0.30992E+04
    0.18174E-02    0.31547E+04
    0.18541E-02    0.32111E+04
    0.18916E-02    0.32683E+04
    0.19298E-02    0.33264E+04
    0.19688E-02    0.33854E+04
    0.20086E-02    0.34452E+04
    0.20491E-02    0.35059E+04
    0.20905E-02    0.35674E+04
    0.21328E-02    0.36299E+04
    0.21758E-02    0.36932E+04
    0.22198E-02    0.37574E+04
    0.22646E-02    0.38225E+04
    0.23104E-02    0.38885E+04
    0.23571E-02    0.39554E+04
    0.24047E-02    0.40231E+04
    0.24533E-02    0.40918E+04
    0.25028E-02    0.41614E+04
    0.25534E-02    0.42318E+04
    0.26050E-02    0.43031E+04
    0.26576E-02    0.43754E+04
    0.27113E-02    0.44485E+04
    0.27660E-02    0.45224E+04
    0.28219E-02    0.45973E+04
    0.28789E-02    0.46731E+04
    0.29371E-02    0.47497E+04
    0.29964E-02    0.48272E+04
    0.30569E-02    0.49055E+04
    0.31187E-02    0.49847E+04
    0.31817E-02    0.50647E+04
    0.32460E-02    0.51455E+04
    0.33115E-02    0.52271E+04
    0.33784E-02    0.53095E+04
    0.34467E-02    0.53927E+04
    0.35163E-02    0.54767E+04
    0.35874E-02    0.55614E+04
    0.36598E-02    0.56469E+04
    0.37338E-02    0.57330E+04
    0.38092E-02    0.58198E+04
    0.38861E-02    0.59072E+04
    0.39646E-02    0.59952E+04
    0.40447E-02    0.60838E+04
    0.41264E-02    0.61731E+04
    0.42098E-02    0.62630E+04
    0.42948E-02    0.63537E+04
    0.43816E-02    0.64449E+04
    0.44701E-02    0.65365E+04
    0.45604E-02    0.66282E+04
    0.46525E-02    0.67200E+04
    0.47465E-02    0.68115E+04
    0.48424E-02    0.69029E+04
    0.49402E-02    0.69944E+04
    0.50400E-02    0.70862E+04
    0.51419E-02    0.71785E+04
    0.52457E-02    0.72713E+04
    0.53517E-02    0.73647E+04
    0.54598E-02    0.74584E+04
    0.55701E-02    0.75523E+04
    0.56826E-02    0.76460E+04
    0.57974E-02    0.77395E+04
    0.59145E-02    0.78327E+04
    0.60340E-02    0.79255E+04
    0.61559E-02    0.80180E+04
    0.62803E-02    0.81102E+04
    0.64072E-02    0.82019E+04
    0.65366E-02    0.82932E+04
    0.66686E-02    0.83839E+04
    0.68033E-02    0.84740E+04
    0.69408E-02    0.85633E+04
    0.70810E-02    0.86519E+04
    0.72240E-02    0.87395E+04
    0.73700E-02    0.88262E+04
    0.75189E-02    0.89118E+04
    0.76708E-02    0.89963E+04
    0.78257E-02    0.90796E+04
    0.79838E-02    0.91616E+04
    0.81451E-02    0.92423E+04
    0.83096E-02    0.93215E+04
    0.84775E-02    0.93994E+04
    0.86488E-02    0.94756E+04
    0.88235E-02    0.95503E+04
    0.90017E-02    0.96231E+04
    0.91836E-02    0.96941E+04
    0.93691E-02    0.97630E+04
    0.95583E-02    0.98298E+04
    0.97514E-02    0.98944E+04
    0.99484E-02    0.99566E+04
    0.10149E-01    0.10016E+05
    0.10354E-01    0.10074E+05
    0.10564E-01    0.10128E+05
    0.10777E-01    0.10180E+05
    0.10995E-01    0.10229E+05
    0.11217E-01    0.10275E+05
    0.11443E-01    0.10318E+05
    0.11675E-01    0.10357E+05
    0.11910E-01    0.10393E+05
    0.12151E-01    0.10426E+05
    0.12397E-01    0.10456E+05
    0.12647E-01    0.10482E+05
    0.12902E-01    0.10505E+05
    0.13163E-01    0.10524E+05
    0.13429E-01    0.10539E+05
    0.13700E-01    0.10550E+05
    0.13977E-01    0.10557E+05
    0.14259E-01    0.10560E+05
    0.14547E-01    0.10558E+05
    0.14841E-01    0.10552E+05
    0.15141E-01    0.10542E+05
    0.15447E-01    0.10526E+05
    0.15759E-01    0.10507E+05
    0.16077E-01    0.10483E+05
    0.16402E-01    0.10454E+05
    0.16734E-01    0.10420E+05
    0.17072E-01    0.10382E+05
    0.17416E-01    0.10338E+05
    0.17768E-01    0.10290E+05
    0.18127E-01    0.10237E+05
    0.18493E-01    0.10179E+05
    0.18867E-01    0.10115E+05
    0.19248E-01    0.10047E+05
    0.19637E-01    0.99739E+04
    0.20034E-01    0.98956E+04
    0.20438E-01    0.98123E+04
    0.20851E-01    0.97241E+04
    0.21272E-01    0.96310E+04
    0.21702E-01    0.95332E+04
    0.22141E-01    0.94308E+04
    0.22588E-01    0.93238E+04
    0.23044E-01    0.92125E+04
    0.23510E-01    0.90969E+04
    0.23985E-01    0.89772E+04
    0.24469E-01    0.88536E+04
    0.24964E-01    0.87263E+04
    0.25468E-01    0.85955E+04
    0.25982E-01    0.84613E+04
    0.26507E-01    0.83240E+04
    0.27043E-01    0.81840E+04
    0.27589E-01    0.80415E+04
    0.28146E-01    0.78967E+04
    0.28715E-01    0.77500E+04
    0.29295E-01    0.76018E+04
    0.29887E-01    0.74523E+04
    0.30490E-01    0.73020E+04
    0.31106E-01    0.71510E+04
    0.31735E-01    0.70000E+04
    0.32376E-01    0.68491E+04
    0.33030E-01    0.66989E+04
    0.33697E-01    0.65496E+04
    0.34378E-01    0.64016E+04
    0.35072E-01    0.62554E+04
    0.35781E-01    0.61114E+04
    0.36504E-01    0.59699E+04
    0.37241E-01    0.58313E+04
    0.37993E-01    0.56959E+04
    0.38761E-01    0.55640E+04
    0.39544E-01    0.54356E+04
    0.40343E-01    0.53110E+04
    0.41158E-01    0.51902E+04
    0.41989E-01    0.50735E+04
    0.42838E-01    0.49611E+04
    0.43703E-01    0.48535E+04
    0.44586E-01    0.47509E+04
    0.45486E-01    0.46536E+04
    0.46405E-01    0.45617E+04
    0.47343E-01    0.44749E+04
    0.48299E-01    0.43927E+04
    0.49275E-01    0.43149E+04
    0.50270E-01    0.42410E+04
    0.51286E-01    0.41708E+04
    0.52322E-01    0.41039E+04
    0.53379E-01    0.40400E+04
    0.54457E-01    0.39788E+04
    0.55557E-01    0.39198E+04
    0.56680E-01    0.38626E+04
    0.57825E-01    0.38065E+04
    0.58993E-01    0.37511E+04
    0.60184E-01    0.36957E+04
    0.61400E-01    0.36395E+04
    0.62641E-01    0.35821E+04
    0.63906E-01    0.35227E+04
    0.65197E-01    0.34610E+04
    0.66514E-01    0.33966E+04
    0.67858E-01    0.33289E+04
    0.69229E-01    0.32577E+04
    0.70627E-01    0.31828E+04
    0.72054E-01    0.31040E+04
    0.73510E-01    0.30214E+04
    0.74994E-01    0.29351E+04
    0.76509E-01    0.28456E+04
    0.78055E-01    0.27535E+04
    0.79632E-01    0.26593E+04
    0.81241E-01    0.25638E+04
    0.82882E-01    0.24679E+04
    0.84556E-01    0.23724E+04
    0.86264E-01    0.22783E+04
    0.88007E-01    0.21867E+04
    0.89785E-01    0.20984E+04
    0.91598E-01    0.20144E+04
    0.93449E-01    0.19356E+04
    0.95337E-01    0.18624E+04
    0.97263E-01    0.17956E+04
    0.99227E-01    0.17353E+04
    0.10123E+00    0.16817E+04
    0.10328E+00    0.16345E+04
    0.10536E+00    0.15933E+04
    0.10749E+00    0.15573E+04
    0.10966E+00    0.15259E+04
    0.11188E+00    0.14978E+04
    0.11414E+00    0.14722E+04
    0.11644E+00    0.14477E+04
    0.11880E+00    0.14231E+04
    0.12120E+00    0.13973E+04
    0.12365E+00    0.13692E+04
    0.12614E+00    0.13380E+04
    0.12869E+00    0.13032E+04
    0.13129E+00    0.12646E+04
    0.13394E+00    0.12225E+04
    0.13665E+00    0.11774E+04
    0.13941E+00    0.11301E+04
    0.14223E+00    0.10816E+04
    0.14510E+00    0.10330E+04
    0.14803E+00    0.98564E+03
    0.15102E+00    0.94097E+03
    0.15407E+00    0.90007E+03
    0.15718E+00    0.86376E+03
    0.16036E+00    0.83254E+03
    0.16360E+00    0.80627E+03
    0.16690E+00    0.78436E+03
    0.17028E+00    0.76585E+03
    0.17371E+00    0.74975E+03
    0.17722E+00    0.73496E+03
    0.18080E+00    0.72031E+03
    0.18446E+00    0.70458E+03
    0.18818E+00    0.68677E+03
    0.19198E+00    0.66631E+03
    0.19586E+00    0.64329E+03
    0.19982E+00    0.61830E+03
    0.20386E+00    0.59230E+03
    0.20797E+00    0.56638E+03
    0.21218E+00    0.54165E+03
    0.21646E+00    0.51902E+03
    0.22083E+00    0.49917E+03
    0.22530E+00    0.48236E+03
    0.22985E+00    0.46829E+03
    0.23449E+00    0.45629E+03
    0.23923E+00    0.44546E+03
    0.24406E+00    0.43479E+03
    0.24899E+00    0.42338E+03
    0.25402E+00    0.41075E+03
    0.25915E+00    0.39681E+03
    0.26439E+00    0.38194E+03
    0.26973E+00    0.36690E+03
    0.27518E+00    0.35239E+03
    0.28074E+00    0.33906E+03
    0.28641E+00    0.32732E+03
    0.29219E+00    0.31718E+03
    0.29810E+00    0.30825E+03
    0.30412E+00    0.29993E+03
    0.31026E+00    0.29162E+03
    0.31653E+00    0.28295E+03
    0.32292E+00    0.27372E+03
    0.32945E+00    0.26417E+03
    0.33610E+00    0.25475E+03
    0.34289E+00    0.24585E+03
    0.34982E+00    0.23772E+03
    0.35689E+00    0.23039E+03
    0.36409E+00    0.22370E+03
    0.37145E+00    0.21727E+03
    0.37895E+00    0.21084E+03
    0.38661E+00    0.20427E+03
    0.39442E+00    0.19766E+03
    0.40239E+00    0.19121E+03
    0.41052E+00    0.18512E+03
    0.41881E+00    0.17944E+03
    0.42727E+00    0.17415E+03
    0.43590E+00    0.16908E+03
    0.44471E+00    0.16410E+03
    0.45369E+00    0.15915E+03
    0.46286E+00    0.15429E+03
    0.47221E+00    0.14961E+03
    0.48174E+00    0.14517E+03
    0.49148E+00    0.14095E+03
    0.50141E+00    0.13690E+03
    0.51153E+00    0.13295E+03
    0.52187E+00    0.12909E+03
    0.53241E+00    0.12534E+03
    0.54317E+00    0.12174E+03
    0.55414E+00    0.11829E+03
    0.56533E+00    0.11495E+03
    0.57675E+00    0.11172E+03
    0.58840E+00    0.10860E+03
    0.60029E+00    0.10558E+03
    0.61242E+00    0.10267E+03
    0.62479E+00    0.99848E+02
    0.63741E+00    0.97121E+02
    0.65029E+00    0.94484E+02
    0.66342E+00    0.91932E+02
    0.67683E+00    0.89463E+02
    0.69050E+00    0.87073E+02
    0.70445E+00    0.84760E+02
    0.71868E+00    0.82520E+02
    0.73320E+00    0.80351E+02
    0.74801E+00    0.78250E+02
    0.76312E+00    0.76214E+02
    0.77854E+00    0.74241E+02
    0.79426E+00    0.72329E+02
    0.81031E+00    0.70474E+02
    0.82668E+00    0.68676E+02
    0.84338E+00    0.66931E+02
    0.86041E+00    0.65239E+02
    0.87780E+00    0.63596E+02
    0.89553E+00    0.62001E+02
    0.91362E+00    0.60452E+02
    0.93208E+00    0.58948E+02
    0.95091E+00    0.57487E+02
    0.97011E+00    0.56067E+02
    0.98971E+00    0.54687E+02
    0.10097E+01    0.53345E+02
    0.10301E+01    0.52040E+02
    0.10509E+01    0.50770E+02
    0.10721E+01    0.49535E+02
    0.10938E+01    0.48333E+02
    0.11159E+01    0.47162E+02
    0.11384E+01    0.46023E+02
    0.11614E+01    0.44912E+02
    0.11849E+01    0.43831E+02
    0.12088E+01    0.42777E+02
    0.12333E+01    0.41749E+02
    0.12582E+01    0.40748E+02
    0.12836E+01    0.39771E+02
    0.13095E+01    0.38817E+02
    0.13360E+01    0.37887E+02
    0.13630E+01    0.36980E+02
    0.13905E+01    0.36094E+02
    0.14186E+01    0.35229E+02
    0.14472E+01    0.34384E+02
    0.14765E+01    0.33559E+02
    0.15063E+01    0.32753E+02
    0.15367E+01    0.31965E+02
    0.15678E+01    0.31196E+02
    0.15994E+01    0.30443E+02
    0.16318E+01    0.29708E+02
    0.16647E+01    0.28989E+02
    0.16984E+01    0.28286E+02
    0.17327E+01    0.27598E+02
    0.17677E+01    0.26926E+02
    0.18034E+01    0.26268E+02
    0.18398E+01    0.25624E+02
    0.18770E+01    0.24995E+02
    0.19149E+01    0.24378E+02
    0.19536E+01    0.23775E+02
    0.19930E+01    0.23185E+02
    0.20333E+01    0.22607E+02
    0.20744E+01    0.22042E+02
    0.21163E+01    0.21488E+02
    0.21590E+01    0.20947E+02
    0.22026E+01    0.20416E+02
    0.22471E+01    0.19897E+02
    0.22925E+01    0.19388E+02
    0.23388E+01    0.18891E+02
    0.23861E+01    0.18403E+02
    0.24343E+01    0.17926E+02
    0.24835E+01    0.17459E+02
    0.25336E+01    0.17002E+02
    0.25848E+01    0.16554E+02
    0.26370E+01    0.16116E+02
    0.26903E+01    0.15687E+02
    0.27447E+01    0.15267E+02
    0.28001E+01    0.14856E+02
    0.28567E+01    0.14454E+02
    0.29144E+01    0.14061E+02
    0.29733E+01    0.13676E+02
    0.30333E+01    0.13299E+02
    0.30946E+01    0.12931E+02
    0.31571E+01    0.12570E+02
    0.32209E+01    0.12218E+02
    0.32860E+01    0.11873E+02
    0.33523E+01    0.11536E+02
    0.34201E+01    0.11206E+02
    0.34892E+01    0.10884E+02
    0.35596E+01    0.10569E+02
    0.36316E+01    0.10261E+02
    0.37049E+01    0.99599E+01
    0.37798E+01    0.96660E+01
    0.38561E+01    0.93789E+01
    0.39340E+01    0.90985E+01
    0.40135E+01    0.88247E+01
    0.40946E+01    0.85574E+01
    0.41773E+01    0.82965E+01
    0.42617E+01    0.80419E+01
    0.43478E+01    0.77935E+01
    0.44356E+01    0.75511E+01
    0.45252E+01    0.73147E+01
    0.46166E+01    0.70842E+01
    0.47099E+01    0.68595E+01
    0.48050E+01    0.66405E+01
    0.49021E+01    0.64270E+01
    0.50011E+01    0.62191E+01
    0.51021E+01    0.60166E+01
    0.52052E+01    0.58193E+01
    0.53104E+01    0.56273E+01
    0.54176E+01    0.54405E+01
    0.55271E+01    0.52586E+01
    0.56387E+01    0.50817E+01
    0.57526E+01    0.49097E+01
    0.58689E+01    0.47424E+01
    0.59874E+01    0.45798E+01
    0.61084E+01    0.44218E+01
    0.62318E+01    0.42683E+01
    0.63577E+01    0.41191E+01
    0.64861E+01    0.39743E+01
    0.66171E+01    0.38338E+01
    0.67508E+01    0.36973E+01
    0.68872E+01    0.35650E+01
    0.70263E+01    0.34366E+01
    0.71682E+01    0.33121E+01
    0.73130E+01    0.31915E+01
    0.74608E+01    0.30746E+01
    0.76115E+01    0.29613E+01
    0.77653E+01    0.28517E+01
    0.79221E+01    0.27456E+01
    0.80822E+01    0.26429E+01
    0.82454E+01    0.25435E+01
    0.84120E+01    0.24474E+01
    0.85819E+01    0.23544E+01
    0.87553E+01    0.22645E+01
    0.89322E+01    0.21776E+01
    0.91126E+01    0.20936E+01
    0.92967E+01    0.20124E+01
    0.94845E+01    0.19340E+01
    0.96761E+01    0.18582E+01
    0.98716E+01    0.17850E+01
    0.10071E+02    0.17143E+01
    0.10274E+02    0.16460E+01
    0.10482E+02    0.15802E+01
    0.10694E+02    0.15168E+01
    0.10910E+02    0.14557E+01
    0.11130E+02    0.13970E+01
    0.11355E+02    0.13405E+01
    0.11584E+02    0.12862E+01
    0.11818E+02    0.12340E+01
