#           k/h    P           
    0.10000E-03    0.20429E+03
    0.10202E-03    0.20829E+03
    0.10408E-03    0.21236E+03
    0.10618E-03    0.21651E+03
    0.10833E-03    0.22075E+03
    0.11052E-03    0.22506E+03
    0.11275E-03    0.22946E+03
    0.11503E-03    0.23395E+03
    0.11735E-03    0.23852E+03
    0.11972E-03    0.24319E+03
    0.12214E-03    0.24794E+03
    0.12461E-03    0.25279E+03
    0.12712E-03    0.25774E+03
    0.12969E-03    0.26278E+03
    0.13231E-03    0.26791E+03
    0.13499E-03    0.27315E+03
    0.13771E-03    0.27849E+03
    0.14049E-03    0.28394E+03
    0.14333E-03    0.28949E+03
    0.14623E-03    0.29514E+03
    0.14918E-03    0.30091E+03
    0.15220E-03    0.30680E+03
    0.15527E-03    0.31279E+03
    0.15841E-03    0.31891E+03
    0.16161E-03    0.32514E+03
    0.16487E-03    0.33149E+03
    0.16820E-03    0.33797E+03
    0.17160E-03    0.34458E+03
    0.17507E-03    0.35131E+03
    0.17860E-03    0.35818E+03
    0.18221E-03    0.36518E+03
    0.18589E-03    0.37231E+03
    0.18965E-03    0.37959E+03
    0.19348E-03    0.38700E+03
    0.19739E-03    0.39456E+03
    0.20138E-03    0.40227E+03
    0.20544E-03    0.41012E+03
    0.20959E-03    0.41812E+03
    0.21383E-03    0.42629E+03
    0.21815E-03    0.43461E+03
    0.22255E-03    0.44309E+03
    0.22705E-03    0.45174E+03
    0.23164E-03    0.46056E+03
    0.23632E-03    0.46955E+03
    0.24109E-03    0.47872E+03
    0.24596E-03    0.48806E+03
    0.25093E-03    0.49758E+03
    0.25600E-03    0.50729E+03
    0.26117E-03    0.51719E+03
    0.26645E-03    0.52727E+03
    0.27183E-03    0.53755E+03
    0.27732E-03    0.54803E+03
    0.28292E-03    0.55872E+03
    0.28864E-03    0.56961E+03
    0.29447E-03    0.58071E+03
    0.30042E-03    0.59202E+03
    0.30649E-03    0.60355E+03
    0.31268E-03    0.61531E+03
    0.31899E-03    0.62729E+03
    0.32544E-03    0.63951E+03
    0.33201E-03    0.65196E+03
    0.33872E-03    0.66465E+03
    0.34556E-03    0.67758E+03
    0.35254E-03    0.69077E+03
    0.35966E-03    0.70420E+03
    0.36693E-03    0.71790E+03
    0.37434E-03    0.73186E+03
    0.38190E-03    0.74609E+03
    0.38962E-03    0.76059E+03
    0.39749E-03    0.77536E+03
    0.40552E-03    0.79042E+03
    0.41371E-03    0.80577E+03
    0.42207E-03    0.82141E+03
    0.43060E-03    0.83735E+03
    0.43929E-03    0.85359E+03
    0.44817E-03    0.87015E+03
    0.45722E-03    0.88702E+03
    0.46646E-03    0.90421E+03
    0.47588E-03    0.92172E+03
    0.48550E-03    0.93958E+03
    0.49530E-03    0.95777E+03
    0.50531E-03    0.97630E+03
    0.51552E-03    0.99518E+03
    0.52593E-03    0.10144E+04
    0.53656E-03    0.10340E+04
    0.54739E-03    0.10540E+04
    0.55845E-03    0.10743E+04
    0.56973E-03    0.10950E+04
    0.58124E-03    0.11161E+04
    0.59299E-03    0.11376E+04
    0.60496E-03    0.11596E+04
    0.61719E-03    0.11819E+04
    0.62965E-03    0.12047E+04
    0.64237E-03    0.12279E+04
    0.65535E-03    0.12515E+04
    0.66859E-03    0.12756E+04
    0.68210E-03    0.13000E+04
    0.69588E-03    0.13249E+04
    0.70993E-03    0.13503E+04
    0.72427E-03    0.13762E+04
    0.73891E-03    0.14025E+04
    0.75383E-03    0.14293E+04
    0.76906E-03    0.14566E+04
    0.78460E-03    0.14844E+04
    0.80045E-03    0.15127E+04
    0.81662E-03    0.15415E+04
    0.83311E-03    0.15709E+04
    0.84994E-03    0.16008E+04
    0.86711E-03    0.16312E+04
    0.88463E-03    0.16622E+04
    0.90250E-03    0.16937E+04
    0.92073E-03    0.17258E+04
    0.93933E-03    0.17585E+04
    0.95831E-03    0.17917E+04
    0.97767E-03    0.18256E+04
    0.99742E-03    0.18600E+04
    0.10176E-02    0.18951E+04
    0.10381E-02    0.19308E+04
    0.10591E-02    0.19670E+04
    0.10805E-02    0.20040E+04
    0.11023E-02    0.20415E+04
    0.11246E-02    0.20798E+04
    0.11473E-02    0.21186E+04
    0.11705E-02    0.21582E+04
    0.11941E-02    0.21984E+04
    0.12182E-02    0.22393E+04
    0.12429E-02    0.22809E+04
    0.12680E-02    0.23232E+04
    0.12936E-02    0.23662E+04
    0.13197E-02    0.24100E+04
    0.13464E-02    0.24545E+04
    0.13736E-02    0.24997E+04
    0.14013E-02    0.25457E+04
    0.14296E-02    0.25924E+04
    0.14585E-02    0.26399E+04
    0.14880E-02    0.26882E+04
    0.15180E-02    0.27373E+04
    0.15487E-02    0.27871E+04
    0.15800E-02    0.28377E+04
    0.16119E-02    0.28892E+04
    0.16445E-02    0.29414E+04
    0.16777E-02    0.29945E+04
    0.17116E-02    0.30484E+04
    0.17462E-02    0.31032E+04
    0.17814E-02    0.31588E+04
    0.18174E-02    0.32152E+04
    0.18541E-02    0.32725E+04
    0.18916E-02    0.33306E+04
    0.19298E-02    0.33896E+04
    0.19688E-02    0.34495E+04
    0.20086E-02    0.35103E+04
    0.20491E-02    0.35719E+04
    0.20905E-02    0.36345E+04
    0.21328E-02    0.36979E+04
    0.21758E-02    0.37623E+04
    0.22198E-02    0.38275E+04
    0.22646E-02    0.38936E+04
    0.23104E-02    0.39607E+04
    0.23571E-02    0.40286E+04
    0.24047E-02    0.40974E+04
    0.24533E-02    0.41671E+04
    0.25028E-02    0.42377E+04
    0.25534E-02    0.43092E+04
    0.26050E-02    0.43816E+04
    0.26576E-02    0.44549E+04
    0.27113E-02    0.45292E+04
    0.27660E-02    0.46043E+04
    0.28219E-02    0.46803E+04
    0.28789E-02    0.47572E+04
    0.29371E-02    0.48350E+04
    0.29964E-02    0.49137E+04
    0.30569E-02    0.49933E+04
    0.31187E-02    0.50737E+04
    0.31817E-02    0.51550E+04
    0.32460E-02    0.52371E+04
    0.33115E-02    0.53201E+04
    0.33784E-02    0.54038E+04
    0.34467E-02    0.54884E+04
    0.35163E-02    0.55738E+04
    0.35874E-02    0.56600E+04
    0.36598E-02    0.57470E+04
    0.37338E-02    0.58347E+04
    0.38092E-02    0.59232E+04
    0.38861E-02    0.60123E+04
    0.39646E-02    0.61021E+04
    0.40447E-02    0.61926E+04
    0.41264E-02    0.62838E+04
    0.42098E-02    0.63758E+04
    0.42948E-02    0.64686E+04
    0.43816E-02    0.65622E+04
    0.44701E-02    0.66565E+04
    0.45604E-02    0.67510E+04
    0.46525E-02    0.68456E+04
    0.47465E-02    0.69399E+04
    0.48424E-02    0.70338E+04
    0.49402E-02    0.71274E+04
    0.50400E-02    0.72211E+04
    0.51419E-02    0.73154E+04
    0.52457E-02    0.74104E+04
    0.53517E-02    0.75065E+04
    0.54598E-02    0.76035E+04
    0.55701E-02    0.77012E+04
    0.56826E-02    0.77991E+04
    0.57974E-02    0.78972E+04
    0.59145E-02    0.79950E+04
    0.60340E-02    0.80926E+04
    0.61559E-02    0.81901E+04
    0.62803E-02    0.82874E+04
    0.64072E-02    0.83845E+04
    0.65366E-02    0.84814E+04
    0.66686E-02    0.85780E+04
    0.68033E-02    0.86744E+04
    0.69408E-02    0.87703E+04
    0.70810E-02    0.88657E+04
    0.72240E-02    0.89605E+04
    0.73700E-02    0.90546E+04
    0.75189E-02    0.91481E+04
    0.76708E-02    0.92407E+04
    0.78257E-02    0.93325E+04
    0.79838E-02    0.94234E+04
    0.81451E-02    0.95132E+04
    0.83096E-02    0.96020E+04
    0.84775E-02    0.96895E+04
    0.86488E-02    0.97758E+04
    0.88235E-02    0.98607E+04
    0.90017E-02    0.99442E+04
    0.91836E-02    0.10026E+05
    0.93691E-02    0.10106E+05
    0.95583E-02    0.10185E+05
    0.97514E-02    0.10262E+05
    0.99484E-02    0.10336E+05
    0.10149E-01    0.10409E+05
    0.10354E-01    0.10479E+05
    0.10564E-01    0.10548E+05
    0.10777E-01    0.10613E+05
    0.10995E-01    0.10677E+05
    0.11217E-01    0.10737E+05
    0.11443E-01    0.10795E+05
    0.11675E-01    0.10850E+05
    0.11910E-01    0.10902E+05
    0.12151E-01    0.10952E+05
    0.12397E-01    0.10997E+05
    0.12647E-01    0.11040E+05
    0.12902E-01    0.11080E+05
    0.13163E-01    0.11115E+05
    0.13429E-01    0.11147E+05
    0.13700E-01    0.11176E+05
    0.13977E-01    0.11200E+05
    0.14259E-01    0.11220E+05
    0.14547E-01    0.11236E+05
    0.14841E-01    0.11248E+05
    0.15141E-01    0.11255E+05
    0.15447E-01    0.11258E+05
    0.15759E-01    0.11257E+05
    0.16077E-01    0.11251E+05
    0.16402E-01    0.11240E+05
    0.16734E-01    0.11224E+05
    0.17072E-01    0.11203E+05
    0.17416E-01    0.11177E+05
    0.17768E-01    0.11146E+05
    0.18127E-01    0.11110E+05
    0.18493E-01    0.11068E+05
    0.18867E-01    0.11021E+05
    0.19248E-01    0.10969E+05
    0.19637E-01    0.10912E+05
    0.20034E-01    0.10849E+05
    0.20438E-01    0.10781E+05
    0.20851E-01    0.10707E+05
    0.21272E-01    0.10629E+05
    0.21702E-01    0.10545E+05
    0.22141E-01    0.10455E+05
    0.22588E-01    0.10361E+05
    0.23044E-01    0.10261E+05
    0.23510E-01    0.10157E+05
    0.23985E-01    0.10047E+05
    0.24469E-01    0.99334E+04
    0.24964E-01    0.98149E+04
    0.25468E-01    0.96922E+04
    0.25982E-01    0.95653E+04
    0.26507E-01    0.94346E+04
    0.27043E-01    0.93002E+04
    0.27589E-01    0.91625E+04
    0.28146E-01    0.90217E+04
    0.28715E-01    0.88781E+04
    0.29295E-01    0.87320E+04
    0.29887E-01    0.85839E+04
    0.30490E-01    0.84341E+04
    0.31106E-01    0.82828E+04
    0.31735E-01    0.81306E+04
    0.32376E-01    0.79777E+04
    0.33030E-01    0.78246E+04
    0.33697E-01    0.76716E+04
    0.34378E-01    0.75193E+04
    0.35072E-01    0.73678E+04
    0.35781E-01    0.72178E+04
    0.36504E-01    0.70696E+04
    0.37241E-01    0.69236E+04
    0.37993E-01    0.67804E+04
    0.38761E-01    0.66401E+04
    0.39544E-01    0.65030E+04
    0.40343E-01    0.63693E+04
    0.41158E-01    0.62392E+04
    0.41989E-01    0.61127E+04
    0.42838E-01    0.59902E+04
    0.43703E-01    0.58719E+04
    0.44586E-01    0.57583E+04
    0.45486E-01    0.56498E+04
    0.46405E-01    0.55467E+04
    0.47343E-01    0.54490E+04
    0.48299E-01    0.53563E+04
    0.49275E-01    0.52680E+04
    0.50270E-01    0.51839E+04
    0.51286E-01    0.51034E+04
    0.52322E-01    0.50263E+04
    0.53379E-01    0.49524E+04
    0.54457E-01    0.48813E+04
    0.55557E-01    0.48128E+04
    0.56680E-01    0.47462E+04
    0.57825E-01    0.46809E+04
    0.58993E-01    0.46160E+04
    0.60184E-01    0.45510E+04
    0.61400E-01    0.44852E+04
    0.62641E-01    0.44181E+04
    0.63906E-01    0.43491E+04
    0.65197E-01    0.42776E+04
    0.66514E-01    0.42030E+04
    0.67858E-01    0.41248E+04
    0.69229E-01    0.40426E+04
    0.70627E-01    0.39562E+04
    0.72054E-01    0.38654E+04
    0.73510E-01    0.37702E+04
    0.74994E-01    0.36709E+04
    0.76509E-01    0.35677E+04
    0.78055E-01    0.34612E+04
    0.79632E-01    0.33521E+04
    0.81241E-01    0.32412E+04
    0.82882E-01    0.31294E+04
    0.84556E-01    0.30178E+04
    0.86264E-01    0.29073E+04
    0.88007E-01    0.27990E+04
    0.89785E-01    0.26939E+04
    0.91598E-01    0.25931E+04
    0.93449E-01    0.24976E+04
    0.95337E-01    0.24082E+04
    0.97263E-01    0.23256E+04
    0.99227E-01    0.22502E+04
    0.10123E+00    0.21823E+04
    0.10328E+00    0.21217E+04
    0.10536E+00    0.20680E+04
    0.10749E+00    0.20206E+04
    0.10966E+00    0.19786E+04
    0.11188E+00    0.19408E+04
    0.11414E+00    0.19060E+04
    0.11644E+00    0.18731E+04
    0.11880E+00    0.18406E+04
    0.12120E+00    0.18073E+04
    0.12365E+00    0.17719E+04
    0.12614E+00    0.17334E+04
    0.12869E+00    0.16910E+04
    0.13129E+00    0.16444E+04
    0.13394E+00    0.15938E+04
    0.13665E+00    0.15397E+04
    0.13941E+00    0.14830E+04
    0.14223E+00    0.14247E+04
    0.14510E+00    0.13660E+04
    0.14803E+00    0.13084E+04
    0.15102E+00    0.12531E+04
    0.15407E+00    0.12017E+04
    0.15718E+00    0.11551E+04
    0.16036E+00    0.11142E+04
    0.16360E+00    0.10790E+04
    0.16690E+00    0.10491E+04
    0.17028E+00    0.10235E+04
    0.17371E+00    0.10010E+04
    0.17722E+00    0.98043E+03
    0.18080E+00    0.96051E+03
    0.18446E+00    0.93992E+03
    0.18818E+00    0.91749E+03
    0.19198E+00    0.89240E+03
    0.19586E+00    0.86446E+03
    0.19982E+00    0.83413E+03
    0.20386E+00    0.80240E+03
    0.20797E+00    0.77048E+03
    0.21218E+00    0.73959E+03
    0.21646E+00    0.71078E+03
    0.22083E+00    0.68487E+03
    0.22530E+00    0.66228E+03
    0.22985E+00    0.64295E+03
    0.23449E+00    0.62629E+03
    0.23923E+00    0.61134E+03
    0.24406E+00    0.59700E+03
    0.24899E+00    0.58224E+03
    0.25402E+00    0.56634E+03
    0.25915E+00    0.54909E+03
    0.26439E+00    0.53076E+03
    0.26973E+00    0.51198E+03
    0.27518E+00    0.49361E+03
    0.28074E+00    0.47639E+03
    0.28641E+00    0.46084E+03
    0.29219E+00    0.44712E+03
    0.29810E+00    0.43493E+03
    0.30412E+00    0.42370E+03
    0.31026E+00    0.41275E+03
    0.31653E+00    0.40157E+03
    0.32292E+00    0.38991E+03
    0.32945E+00    0.37786E+03
    0.33610E+00    0.36580E+03
    0.34289E+00    0.35423E+03
    0.34982E+00    0.34349E+03
    0.35689E+00    0.33367E+03
    0.36409E+00    0.32463E+03
    0.37145E+00    0.31608E+03
    0.37895E+00    0.30765E+03
    0.38661E+00    0.29915E+03
    0.39442E+00    0.29060E+03
    0.40239E+00    0.28219E+03
    0.41052E+00    0.27413E+03
    0.41881E+00    0.26655E+03
    0.42727E+00    0.25944E+03
    0.43590E+00    0.25266E+03
    0.44471E+00    0.24606E+03
    0.45369E+00    0.23953E+03
    0.46286E+00    0.23311E+03
    0.47221E+00    0.22686E+03
    0.48174E+00    0.22090E+03
    0.49148E+00    0.21521E+03
    0.50141E+00    0.20975E+03
    0.51153E+00    0.20445E+03
    0.52187E+00    0.19926E+03
    0.53241E+00    0.19421E+03
    0.54317E+00    0.18931E+03
    0.55414E+00    0.18462E+03
    0.56533E+00    0.18008E+03
    0.57675E+00    0.17567E+03
    0.58840E+00    0.17139E+03
    0.60029E+00    0.16725E+03
    0.61242E+00    0.16323E+03
    0.62479E+00    0.15933E+03
    0.63741E+00    0.15555E+03
    0.65029E+00    0.15188E+03
    0.66342E+00    0.14832E+03
    0.67683E+00    0.14487E+03
    0.69050E+00    0.14151E+03
    0.70445E+00    0.13825E+03
    0.71868E+00    0.13508E+03
    0.73320E+00    0.13201E+03
    0.74801E+00    0.12901E+03
    0.76312E+00    0.12610E+03
    0.77854E+00    0.12326E+03
    0.79426E+00    0.12051E+03
    0.81031E+00    0.11782E+03
    0.82668E+00    0.11520E+03
    0.84338E+00    0.11266E+03
    0.86041E+00    0.11017E+03
    0.87780E+00    0.10775E+03
    0.89553E+00    0.10539E+03
    0.91362E+00    0.10309E+03
    0.93208E+00    0.10084E+03
    0.95091E+00    0.98645E+02
    0.97011E+00    0.96504E+02
    0.98971E+00    0.94413E+02
    0.10097E+01    0.92369E+02
    0.10301E+01    0.90373E+02
    0.10509E+01    0.88421E+02
    0.10721E+01    0.86513E+02
    0.10938E+01    0.84646E+02
    0.11159E+01    0.82820E+02
    0.11384E+01    0.81033E+02
    0.11614E+01    0.79284E+02
    0.11849E+01    0.77572E+02
    0.12088E+01    0.75895E+02
    0.12333E+01    0.74252E+02
    0.12582E+01    0.72643E+02
    0.12836E+01    0.71065E+02
    0.13095E+01    0.69520E+02
    0.13360E+01    0.68004E+02
    0.13630E+01    0.66518E+02
    0.13905E+01    0.65061E+02
    0.14186E+01    0.63631E+02
    0.14472E+01    0.62229E+02
    0.14765E+01    0.60853E+02
    0.15063E+01    0.59502E+02
    0.15367E+01    0.58177E+02
    0.15678E+01    0.56877E+02
    0.15994E+01    0.55600E+02
    0.16318E+01    0.54346E+02
    0.16647E+01    0.53115E+02
    0.16984E+01    0.51907E+02
    0.17327E+01    0.50720E+02
    0.17677E+01    0.49555E+02
    0.18034E+01    0.48410E+02
    0.18398E+01    0.47286E+02
    0.18770E+01    0.46182E+02
    0.19149E+01    0.45098E+02
    0.19536E+01    0.44033E+02
    0.19930E+01    0.42987E+02
    0.20333E+01    0.41959E+02
    0.20744E+01    0.40950E+02
    0.21163E+01    0.39959E+02
    0.21590E+01    0.38986E+02
    0.22026E+01    0.38030E+02
    0.22471E+01    0.37092E+02
    0.22925E+01    0.36170E+02
    0.23388E+01    0.35266E+02
    0.23861E+01    0.34377E+02
    0.24343E+01    0.33505E+02
    0.24835E+01    0.32649E+02
    0.25336E+01    0.31809E+02
    0.25848E+01    0.30984E+02
    0.26370E+01    0.30175E+02
    0.26903E+01    0.29381E+02
    0.27447E+01    0.28603E+02
    0.28001E+01    0.27839E+02
    0.28567E+01    0.27089E+02
    0.29144E+01    0.26355E+02
    0.29733E+01    0.25634E+02
    0.30333E+01    0.24928E+02
    0.30946E+01    0.24236E+02
    0.31571E+01    0.23558E+02
    0.32209E+01    0.22893E+02
    0.32860E+01    0.22243E+02
    0.33523E+01    0.21605E+02
    0.34201E+01    0.20981E+02
    0.34892E+01    0.20371E+02
    0.35596E+01    0.19773E+02
    0.36316E+01    0.19188E+02
    0.37049E+01    0.18616E+02
    0.37798E+01    0.18056E+02
    0.38561E+01    0.17509E+02
    0.39340E+01    0.16975E+02
    0.40135E+01    0.16452E+02
    0.40946E+01    0.15942E+02
    0.41773E+01    0.15443E+02
    0.42617E+01    0.14957E+02
    0.43478E+01    0.14482E+02
    0.44356E+01    0.14019E+02
    0.45252E+01    0.13567E+02
    0.46166E+01    0.13126E+02
    0.47099E+01    0.12696E+02
    0.48050E+01    0.12278E+02
    0.49021E+01    0.11870E+02
    0.50011E+01    0.11473E+02
    0.51021E+01    0.11086E+02
    0.52052E+01    0.10710E+02
    0.53104E+01    0.10344E+02
    0.54176E+01    0.99879E+01
    0.55271E+01    0.96419E+01
    0.56387E+01    0.93056E+01
    0.57526E+01    0.89788E+01
    0.58689E+01    0.86615E+01
    0.59874E+01    0.83534E+01
    0.61084E+01    0.80544E+01
    0.62318E+01    0.77643E+01
    0.63577E+01    0.74829E+01
    0.64861E+01    0.72101E+01
    0.66171E+01    0.69456E+01
    0.67508E+01    0.66893E+01
    0.68872E+01    0.64411E+01
    0.70263E+01    0.62007E+01
    0.71682E+01    0.59680E+01
    0.73130E+01    0.57429E+01
    0.74608E+01    0.55251E+01
    0.76115E+01    0.53145E+01
    0.77653E+01    0.51109E+01
    0.79221E+01    0.49142E+01
    0.80822E+01    0.47241E+01
    0.82454E+01    0.45405E+01
    0.84120E+01    0.43633E+01
    0.85819E+01    0.41922E+01
    0.87553E+01    0.40271E+01
    0.89322E+01    0.38678E+01
    0.91126E+01    0.37140E+01
    0.92967E+01    0.35657E+01
    0.94845E+01    0.34226E+01
    0.96761E+01    0.32847E+01
    0.98716E+01    0.31517E+01
    0.10071E+02    0.30234E+01
    0.10274E+02    0.28999E+01
    0.10482E+02    0.27809E+01
    0.10694E+02    0.26664E+01
    0.10910E+02    0.25563E+01
    0.11130E+02    0.24504E+01
    0.11355E+02    0.23487E+01
    0.11584E+02    0.22511E+01
    0.11818E+02    0.21574E+01
    0.12057E+02    0.20675E+01
