#           k/h    P           
    0.10000E-03    0.19952E+03
    0.10202E-03    0.20343E+03
    0.10408E-03    0.20741E+03
    0.10618E-03    0.21148E+03
    0.10833E-03    0.21562E+03
    0.11052E-03    0.21985E+03
    0.11275E-03    0.22415E+03
    0.11503E-03    0.22855E+03
    0.11735E-03    0.23303E+03
    0.11972E-03    0.23760E+03
    0.12214E-03    0.24225E+03
    0.12461E-03    0.24700E+03
    0.12712E-03    0.25184E+03
    0.12969E-03    0.25677E+03
    0.13231E-03    0.26180E+03
    0.13499E-03    0.26693E+03
    0.13771E-03    0.27216E+03
    0.14049E-03    0.27749E+03
    0.14333E-03    0.28292E+03
    0.14623E-03    0.28846E+03
    0.14918E-03    0.29411E+03
    0.15220E-03    0.29988E+03
    0.15527E-03    0.30575E+03
    0.15841E-03    0.31174E+03
    0.16161E-03    0.31785E+03
    0.16487E-03    0.32407E+03
    0.16820E-03    0.33042E+03
    0.17160E-03    0.33689E+03
    0.17507E-03    0.34348E+03
    0.17860E-03    0.35020E+03
    0.18221E-03    0.35706E+03
    0.18589E-03    0.36405E+03
    0.18965E-03    0.37118E+03
    0.19348E-03    0.37844E+03
    0.19739E-03    0.38585E+03
    0.20138E-03    0.39340E+03
    0.20544E-03    0.40110E+03
    0.20959E-03    0.40895E+03
    0.21383E-03    0.41696E+03
    0.21815E-03    0.42512E+03
    0.22255E-03    0.43344E+03
    0.22705E-03    0.44192E+03
    0.23164E-03    0.45056E+03
    0.23632E-03    0.45937E+03
    0.24109E-03    0.46836E+03
    0.24596E-03    0.47752E+03
    0.25093E-03    0.48685E+03
    0.25600E-03    0.49637E+03
    0.26117E-03    0.50607E+03
    0.26645E-03    0.51597E+03
    0.27183E-03    0.52605E+03
    0.27732E-03    0.53633E+03
    0.28292E-03    0.54680E+03
    0.28864E-03    0.55749E+03
    0.29447E-03    0.56837E+03
    0.30042E-03    0.57947E+03
    0.30649E-03    0.59078E+03
    0.31268E-03    0.60232E+03
    0.31899E-03    0.61407E+03
    0.32544E-03    0.62605E+03
    0.33201E-03    0.63827E+03
    0.33872E-03    0.65072E+03
    0.34556E-03    0.66341E+03
    0.35254E-03    0.67634E+03
    0.35966E-03    0.68953E+03
    0.36693E-03    0.70297E+03
    0.37434E-03    0.71667E+03
    0.38190E-03    0.73063E+03
    0.38962E-03    0.74486E+03
    0.39749E-03    0.75936E+03
    0.40552E-03    0.77414E+03
    0.41371E-03    0.78920E+03
    0.42207E-03    0.80455E+03
    0.43060E-03    0.82019E+03
    0.43929E-03    0.83614E+03
    0.44817E-03    0.85239E+03
    0.45722E-03    0.86895E+03
    0.46646E-03    0.88583E+03
    0.47588E-03    0.90302E+03
    0.48550E-03    0.92053E+03
    0.49530E-03    0.93837E+03
    0.50531E-03    0.95655E+03
    0.51552E-03    0.97507E+03
    0.52593E-03    0.99395E+03
    0.53656E-03    0.10132E+04
    0.54739E-03    0.10328E+04
    0.55845E-03    0.10528E+04
    0.56973E-03    0.10732E+04
    0.58124E-03    0.10940E+04
    0.59299E-03    0.11151E+04
    0.60496E-03    0.11366E+04
    0.61719E-03    0.11586E+04
    0.62965E-03    0.11809E+04
    0.64237E-03    0.12037E+04
    0.65535E-03    0.12268E+04
    0.66859E-03    0.12505E+04
    0.68210E-03    0.12745E+04
    0.69588E-03    0.12990E+04
    0.70993E-03    0.13240E+04
    0.72427E-03    0.13494E+04
    0.73891E-03    0.13753E+04
    0.75383E-03    0.14016E+04
    0.76906E-03    0.14285E+04
    0.78460E-03    0.14558E+04
    0.80045E-03    0.14836E+04
    0.81662E-03    0.15120E+04
    0.83311E-03    0.15409E+04
    0.84994E-03    0.15702E+04
    0.86711E-03    0.16002E+04
    0.88463E-03    0.16306E+04
    0.90250E-03    0.16616E+04
    0.92073E-03    0.16932E+04
    0.93933E-03    0.17253E+04
    0.95831E-03    0.17580E+04
    0.97767E-03    0.17913E+04
    0.99742E-03    0.18252E+04
    0.10176E-02    0.18596E+04
    0.10381E-02    0.18947E+04
    0.10591E-02    0.19304E+04
    0.10805E-02    0.19667E+04
    0.11023E-02    0.20037E+04
    0.11246E-02    0.20414E+04
    0.11473E-02    0.20797E+04
    0.11705E-02    0.21186E+04
    0.11941E-02    0.21582E+04
    0.12182E-02    0.21985E+04
    0.12429E-02    0.22394E+04
    0.12680E-02    0.22811E+04
    0.12936E-02    0.23235E+04
    0.13197E-02    0.23665E+04
    0.13464E-02    0.24104E+04
    0.13736E-02    0.24549E+04
    0.14013E-02    0.25002E+04
    0.14296E-02    0.25463E+04
    0.14585E-02    0.25931E+04
    0.14880E-02    0.26407E+04
    0.15180E-02    0.26891E+04
    0.15487E-02    0.27382E+04
    0.15800E-02    0.27882E+04
    0.16119E-02    0.28389E+04
    0.16445E-02    0.28904E+04
    0.16777E-02    0.29428E+04
    0.17116E-02    0.29959E+04
    0.17462E-02    0.30499E+04
    0.17814E-02    0.31048E+04
    0.18174E-02    0.31604E+04
    0.18541E-02    0.32170E+04
    0.18916E-02    0.32744E+04
    0.19298E-02    0.33326E+04
    0.19688E-02    0.33917E+04
    0.20086E-02    0.34517E+04
    0.20491E-02    0.35126E+04
    0.20905E-02    0.35744E+04
    0.21328E-02    0.36370E+04
    0.21758E-02    0.37006E+04
    0.22198E-02    0.37650E+04
    0.22646E-02    0.38303E+04
    0.23104E-02    0.38965E+04
    0.23571E-02    0.39636E+04
    0.24047E-02    0.40317E+04
    0.24533E-02    0.41006E+04
    0.25028E-02    0.41704E+04
    0.25534E-02    0.42411E+04
    0.26050E-02    0.43127E+04
    0.26576E-02    0.43852E+04
    0.27113E-02    0.44586E+04
    0.27660E-02    0.45328E+04
    0.28219E-02    0.46080E+04
    0.28789E-02    0.46841E+04
    0.29371E-02    0.47610E+04
    0.29964E-02    0.48388E+04
    0.30569E-02    0.49175E+04
    0.31187E-02    0.49970E+04
    0.31817E-02    0.50774E+04
    0.32460E-02    0.51586E+04
    0.33115E-02    0.52405E+04
    0.33784E-02    0.53233E+04
    0.34467E-02    0.54069E+04
    0.35163E-02    0.54913E+04
    0.35874E-02    0.55765E+04
    0.36598E-02    0.56624E+04
    0.37338E-02    0.57490E+04
    0.38092E-02    0.58362E+04
    0.38861E-02    0.59240E+04
    0.39646E-02    0.60125E+04
    0.40447E-02    0.61016E+04
    0.41264E-02    0.61914E+04
    0.42098E-02    0.62819E+04
    0.42948E-02    0.63730E+04
    0.43816E-02    0.64648E+04
    0.44701E-02    0.65569E+04
    0.45604E-02    0.66492E+04
    0.46525E-02    0.67415E+04
    0.47465E-02    0.68336E+04
    0.48424E-02    0.69256E+04
    0.49402E-02    0.70177E+04
    0.50400E-02    0.71101E+04
    0.51419E-02    0.72030E+04
    0.52457E-02    0.72965E+04
    0.53517E-02    0.73905E+04
    0.54598E-02    0.74849E+04
    0.55701E-02    0.75794E+04
    0.56826E-02    0.76738E+04
    0.57974E-02    0.77680E+04
    0.59145E-02    0.78619E+04
    0.60340E-02    0.79555E+04
    0.61559E-02    0.80487E+04
    0.62803E-02    0.81416E+04
    0.64072E-02    0.82341E+04
    0.65366E-02    0.83261E+04
    0.66686E-02    0.84175E+04
    0.68033E-02    0.85084E+04
    0.69408E-02    0.85985E+04
    0.70810E-02    0.86878E+04
    0.72240E-02    0.87762E+04
    0.73700E-02    0.88637E+04
    0.75189E-02    0.89501E+04
    0.76708E-02    0.90354E+04
    0.78257E-02    0.91194E+04
    0.79838E-02    0.92022E+04
    0.81451E-02    0.92837E+04
    0.83096E-02    0.93637E+04
    0.84775E-02    0.94423E+04
    0.86488E-02    0.95194E+04
    0.88235E-02    0.95947E+04
    0.90017E-02    0.96683E+04
    0.91836E-02    0.97400E+04
    0.93691E-02    0.98097E+04
    0.95583E-02    0.98772E+04
    0.97514E-02    0.99424E+04
    0.99484E-02    0.10005E+05
    0.10149E-01    0.10066E+05
    0.10354E-01    0.10124E+05
    0.10564E-01    0.10179E+05
    0.10777E-01    0.10231E+05
    0.10995E-01    0.10281E+05
    0.11217E-01    0.10327E+05
    0.11443E-01    0.10370E+05
    0.11675E-01    0.10410E+05
    0.11910E-01    0.10447E+05
    0.12151E-01    0.10480E+05
    0.12397E-01    0.10510E+05
    0.12647E-01    0.10536E+05
    0.12902E-01    0.10559E+05
    0.13163E-01    0.10578E+05
    0.13429E-01    0.10592E+05
    0.13700E-01    0.10603E+05
    0.13977E-01    0.10610E+05
    0.14259E-01    0.10613E+05
    0.14547E-01    0.10611E+05
    0.14841E-01    0.10604E+05
    0.15141E-01    0.10593E+05
    0.15447E-01    0.10577E+05
    0.15759E-01    0.10557E+05
    0.16077E-01    0.10532E+05
    0.16402E-01    0.10502E+05
    0.16734E-01    0.10467E+05
    0.17072E-01    0.10428E+05
    0.17416E-01    0.10383E+05
    0.17768E-01    0.10333E+05
    0.18127E-01    0.10279E+05
    0.18493E-01    0.10219E+05
    0.18867E-01    0.10154E+05
    0.19248E-01    0.10084E+05
    0.19637E-01    0.10008E+05
    0.20034E-01    0.99280E+04
    0.20438E-01    0.98425E+04
    0.20851E-01    0.97521E+04
    0.21272E-01    0.96567E+04
    0.21702E-01    0.95565E+04
    0.22141E-01    0.94516E+04
    0.22588E-01    0.93421E+04
    0.23044E-01    0.92282E+04
    0.23510E-01    0.91100E+04
    0.23985E-01    0.89877E+04
    0.24469E-01    0.88614E+04
    0.24964E-01    0.87314E+04
    0.25468E-01    0.85978E+04
    0.25982E-01    0.84609E+04
    0.26507E-01    0.83210E+04
    0.27043E-01    0.81784E+04
    0.27589E-01    0.80333E+04
    0.28146E-01    0.78860E+04
    0.28715E-01    0.77369E+04
    0.29295E-01    0.75863E+04
    0.29887E-01    0.74347E+04
    0.30490E-01    0.72822E+04
    0.31106E-01    0.71294E+04
    0.31735E-01    0.69766E+04
    0.32376E-01    0.68241E+04
    0.33030E-01    0.66725E+04
    0.33697E-01    0.65220E+04
    0.34378E-01    0.63730E+04
    0.35072E-01    0.62260E+04
    0.35781E-01    0.60813E+04
    0.36504E-01    0.59395E+04
    0.37241E-01    0.58007E+04
    0.37993E-01    0.56654E+04
    0.38761E-01    0.55338E+04
    0.39544E-01    0.54059E+04
    0.40343E-01    0.52821E+04
    0.41158E-01    0.51623E+04
    0.41989E-01    0.50467E+04
    0.42838E-01    0.49358E+04
    0.43703E-01    0.48297E+04
    0.44586E-01    0.47289E+04
    0.45486E-01    0.46336E+04
    0.46405E-01    0.45439E+04
    0.47343E-01    0.44593E+04
    0.48299E-01    0.43796E+04
    0.49275E-01    0.43043E+04
    0.50270E-01    0.42330E+04
    0.51286E-01    0.41655E+04
    0.52322E-01    0.41013E+04
    0.53379E-01    0.40402E+04
    0.54457E-01    0.39819E+04
    0.55557E-01    0.39258E+04
    0.56680E-01    0.38712E+04
    0.57825E-01    0.38176E+04
    0.58993E-01    0.37643E+04
    0.60184E-01    0.37108E+04
    0.61400E-01    0.36562E+04
    0.62641E-01    0.36000E+04
    0.63906E-01    0.35417E+04
    0.65197E-01    0.34805E+04
    0.66514E-01    0.34161E+04
    0.67858E-01    0.33481E+04
    0.69229E-01    0.32761E+04
    0.70627E-01    0.31999E+04
    0.72054E-01    0.31193E+04
    0.73510E-01    0.30347E+04
    0.74994E-01    0.29460E+04
    0.76509E-01    0.28539E+04
    0.78055E-01    0.27590E+04
    0.79632E-01    0.26619E+04
    0.81241E-01    0.25637E+04
    0.82882E-01    0.24651E+04
    0.84556E-01    0.23673E+04
    0.86264E-01    0.22712E+04
    0.88007E-01    0.21779E+04
    0.89785E-01    0.20884E+04
    0.91598E-01    0.20037E+04
    0.93449E-01    0.19246E+04
    0.95337E-01    0.18516E+04
    0.97263E-01    0.17854E+04
    0.99227E-01    0.17262E+04
    0.10123E+00    0.16740E+04
    0.10328E+00    0.16285E+04
    0.10536E+00    0.15892E+04
    0.10749E+00    0.15553E+04
    0.10966E+00    0.15259E+04
    0.11188E+00    0.15000E+04
    0.11414E+00    0.14762E+04
    0.11644E+00    0.14533E+04
    0.11880E+00    0.14299E+04
    0.12120E+00    0.14048E+04
    0.12365E+00    0.13769E+04
    0.12614E+00    0.13453E+04
    0.12869E+00    0.13095E+04
    0.13129E+00    0.12695E+04
    0.13394E+00    0.12256E+04
    0.13665E+00    0.11787E+04
    0.13941E+00    0.11295E+04
    0.14223E+00    0.10793E+04
    0.14510E+00    0.10294E+04
    0.14803E+00    0.98128E+03
    0.15102E+00    0.93628E+03
    0.15407E+00    0.89555E+03
    0.15718E+00    0.85986E+03
    0.16036E+00    0.82962E+03
    0.16360E+00    0.80457E+03
    0.16690E+00    0.78399E+03
    0.17028E+00    0.76678E+03
    0.17371E+00    0.75177E+03
    0.17722E+00    0.73777E+03
    0.18080E+00    0.72347E+03
    0.18446E+00    0.70761E+03
    0.18818E+00    0.68924E+03
    0.19198E+00    0.66787E+03
    0.19586E+00    0.64378E+03
    0.19982E+00    0.61774E+03
    0.20386E+00    0.59092E+03
    0.20797E+00    0.56453E+03
    0.21218E+00    0.53971E+03
    0.21646E+00    0.51735E+03
    0.22083E+00    0.49806E+03
    0.22530E+00    0.48194E+03
    0.22985E+00    0.46858E+03
    0.23449E+00    0.45716E+03
    0.23923E+00    0.44666E+03
    0.24406E+00    0.43600E+03
    0.24899E+00    0.42433E+03
    0.25402E+00    0.41122E+03
    0.25915E+00    0.39675E+03
    0.26439E+00    0.38145E+03
    0.26973E+00    0.36616E+03
    0.27518E+00    0.35165E+03
    0.28074E+00    0.33854E+03
    0.28641E+00    0.32712E+03
    0.29219E+00    0.31732E+03
    0.29810E+00    0.30864E+03
    0.30412E+00    0.30040E+03
    0.31026E+00    0.29201E+03
    0.31653E+00    0.28312E+03
    0.32292E+00    0.27366E+03
    0.32945E+00    0.26394E+03
    0.33610E+00    0.25446E+03
    0.34289E+00    0.24564E+03
    0.34982E+00    0.23765E+03
    0.35689E+00    0.23048E+03
    0.36409E+00    0.22387E+03
    0.37145E+00    0.21744E+03
    0.37895E+00    0.21091E+03
    0.38661E+00    0.20425E+03
    0.39442E+00    0.19757E+03
    0.40239E+00    0.19112E+03
    0.41052E+00    0.18507E+03
    0.41881E+00    0.17946E+03
    0.42727E+00    0.17421E+03
    0.43590E+00    0.16914E+03
    0.44471E+00    0.16412E+03
    0.45369E+00    0.15914E+03
    0.46286E+00    0.15426E+03
    0.47221E+00    0.14959E+03
    0.48174E+00    0.14517E+03
    0.49148E+00    0.14097E+03
    0.50141E+00    0.13692E+03
    0.51153E+00    0.13296E+03
    0.52187E+00    0.12908E+03
    0.53241E+00    0.12533E+03
    0.54317E+00    0.12174E+03
    0.55414E+00    0.11829E+03
    0.56533E+00    0.11496E+03
    0.57675E+00    0.11173E+03
    0.58840E+00    0.10860E+03
    0.60029E+00    0.10558E+03
    0.61242E+00    0.10267E+03
    0.62479E+00    0.99844E+02
    0.63741E+00    0.97116E+02
    0.65029E+00    0.94479E+02
    0.66342E+00    0.91928E+02
    0.67683E+00    0.89460E+02
    0.69050E+00    0.87071E+02
    0.70445E+00    0.84759E+02
    0.71868E+00    0.82520E+02
    0.73320E+00    0.80351E+02
    0.74801E+00    0.78251E+02
    0.76312E+00    0.76215E+02
    0.77854E+00    0.74243E+02
    0.79426E+00    0.72330E+02
    0.81031E+00    0.70476E+02
    0.82668E+00    0.68677E+02
    0.84338E+00    0.66932E+02
    0.86041E+00    0.65240E+02
    0.87780E+00    0.63597E+02
    0.89553E+00    0.62002E+02
    0.91362E+00    0.60453E+02
    0.93208E+00    0.58949E+02
    0.95091E+00    0.57488E+02
    0.97011E+00    0.56068E+02
    0.98971E+00    0.54687E+02
    0.10097E+01    0.53345E+02
    0.10301E+01    0.52040E+02
    0.10509E+01    0.50771E+02
    0.10721E+01    0.49535E+02
    0.10938E+01    0.48333E+02
    0.11159E+01    0.47163E+02
    0.11384E+01    0.46023E+02
    0.11614E+01    0.44913E+02
    0.11849E+01    0.43831E+02
    0.12088E+01    0.42777E+02
    0.12333E+01    0.41750E+02
    0.12582E+01    0.40748E+02
    0.12836E+01    0.39771E+02
    0.13095E+01    0.38818E+02
    0.13360E+01    0.37888E+02
    0.13630E+01    0.36980E+02
    0.13905E+01    0.36094E+02
    0.14186E+01    0.35229E+02
    0.14472E+01    0.34384E+02
    0.14765E+01    0.33559E+02
    0.15063E+01    0.32753E+02
    0.15367E+01    0.31966E+02
    0.15678E+01    0.31196E+02
    0.15994E+01    0.30444E+02
    0.16318E+01    0.29708E+02
    0.16647E+01    0.28989E+02
    0.16984E+01    0.28286E+02
    0.17327E+01    0.27599E+02
    0.17677E+01    0.26926E+02
    0.18034E+01    0.26268E+02
    0.18398E+01    0.25625E+02
    0.18770E+01    0.24995E+02
    0.19149E+01    0.24379E+02
    0.19536E+01    0.23776E+02
    0.19930E+01    0.23185E+02
    0.20333E+01    0.22608E+02
    0.20744E+01    0.22042E+02
    0.21163E+01    0.21489E+02
    0.21590E+01    0.20947E+02
    0.22026E+01    0.20416E+02
    0.22471E+01    0.19897E+02
    0.22925E+01    0.19388E+02
    0.23388E+01    0.18891E+02
    0.23861E+01    0.18403E+02
    0.24343E+01    0.17926E+02
    0.24835E+01    0.17459E+02
    0.25336E+01    0.17002E+02
    0.25848E+01    0.16554E+02
    0.26370E+01    0.16116E+02
    0.26903E+01    0.15687E+02
    0.27447E+01    0.15267E+02
    0.28001E+01    0.14857E+02
    0.28567E+01    0.14455E+02
    0.29144E+01    0.14061E+02
    0.29733E+01    0.13676E+02
    0.30333E+01    0.13299E+02
    0.30946E+01    0.12931E+02
    0.31571E+01    0.12570E+02
    0.32209E+01    0.12218E+02
    0.32860E+01    0.11873E+02
    0.33523E+01    0.11536E+02
    0.34201E+01    0.11206E+02
    0.34892E+01    0.10884E+02
    0.35596E+01    0.10569E+02
    0.36316E+01    0.10261E+02
    0.37049E+01    0.99600E+01
    0.37798E+01    0.96661E+01
    0.38561E+01    0.93790E+01
    0.39340E+01    0.90986E+01
    0.40135E+01    0.88248E+01
    0.40946E+01    0.85575E+01
    0.41773E+01    0.82966E+01
    0.42617E+01    0.80420E+01
    0.43478E+01    0.77935E+01
    0.44356E+01    0.75512E+01
    0.45252E+01    0.73148E+01
    0.46166E+01    0.70843E+01
    0.47099E+01    0.68596E+01
    0.48050E+01    0.66405E+01
    0.49021E+01    0.64271E+01
    0.50011E+01    0.62192E+01
    0.51021E+01    0.60166E+01
    0.52052E+01    0.58194E+01
    0.53104E+01    0.56274E+01
    0.54176E+01    0.54405E+01
    0.55271E+01    0.52587E+01
    0.56387E+01    0.50818E+01
    0.57526E+01    0.49098E+01
    0.58689E+01    0.47425E+01
    0.59874E+01    0.45799E+01
    0.61084E+01    0.44219E+01
    0.62318E+01    0.42683E+01
    0.63577E+01    0.41192E+01
    0.64861E+01    0.39744E+01
    0.66171E+01    0.38338E+01
    0.67508E+01    0.36974E+01
    0.68872E+01    0.35650E+01
    0.70263E+01    0.34366E+01
    0.71682E+01    0.33122E+01
    0.73130E+01    0.31915E+01
    0.74608E+01    0.30746E+01
    0.76115E+01    0.29614E+01
    0.77653E+01    0.28517E+01
    0.79221E+01    0.27456E+01
    0.80822E+01    0.26429E+01
    0.82454E+01    0.25435E+01
    0.84120E+01    0.24474E+01
    0.85819E+01    0.23545E+01
    0.87553E+01    0.22646E+01
    0.89322E+01    0.21777E+01
    0.91126E+01    0.20937E+01
    0.92967E+01    0.20125E+01
    0.94845E+01    0.19340E+01
    0.96761E+01    0.18582E+01
    0.98716E+01    0.17850E+01
    0.10071E+02    0.17143E+01
    0.10274E+02    0.16460E+01
    0.10482E+02    0.15802E+01
    0.10694E+02    0.15168E+01
    0.10910E+02    0.14558E+01
    0.11130E+02    0.13970E+01
    0.11355E+02    0.13405E+01
    0.11584E+02    0.12862E+01
    0.11818E+02    0.12340E+01
