#           k/h    P           
    0.10000E-03    0.19944E+03
    0.10202E-03    0.20335E+03
    0.10408E-03    0.20733E+03
    0.10618E-03    0.21140E+03
    0.10833E-03    0.21554E+03
    0.11052E-03    0.21976E+03
    0.11275E-03    0.22407E+03
    0.11503E-03    0.22846E+03
    0.11735E-03    0.23294E+03
    0.11972E-03    0.23750E+03
    0.12214E-03    0.24216E+03
    0.12461E-03    0.24690E+03
    0.12712E-03    0.25174E+03
    0.12969E-03    0.25667E+03
    0.13231E-03    0.26170E+03
    0.13499E-03    0.26683E+03
    0.13771E-03    0.27206E+03
    0.14049E-03    0.27738E+03
    0.14333E-03    0.28282E+03
    0.14623E-03    0.28836E+03
    0.14918E-03    0.29401E+03
    0.15220E-03    0.29976E+03
    0.15527E-03    0.30564E+03
    0.15841E-03    0.31162E+03
    0.16161E-03    0.31772E+03
    0.16487E-03    0.32395E+03
    0.16820E-03    0.33029E+03
    0.17160E-03    0.33676E+03
    0.17507E-03    0.34335E+03
    0.17860E-03    0.35007E+03
    0.18221E-03    0.35692E+03
    0.18589E-03    0.36391E+03
    0.18965E-03    0.37103E+03
    0.19348E-03    0.37830E+03
    0.19739E-03    0.38570E+03
    0.20138E-03    0.39325E+03
    0.20544E-03    0.40094E+03
    0.20959E-03    0.40879E+03
    0.21383E-03    0.41678E+03
    0.21815E-03    0.42494E+03
    0.22255E-03    0.43325E+03
    0.22705E-03    0.44172E+03
    0.23164E-03    0.45036E+03
    0.23632E-03    0.45917E+03
    0.24109E-03    0.46814E+03
    0.24596E-03    0.47729E+03
    0.25093E-03    0.48662E+03
    0.25600E-03    0.49613E+03
    0.26117E-03    0.50583E+03
    0.26645E-03    0.51571E+03
    0.27183E-03    0.52579E+03
    0.27732E-03    0.53606E+03
    0.28292E-03    0.54653E+03
    0.28864E-03    0.55720E+03
    0.29447E-03    0.56808E+03
    0.30042E-03    0.57917E+03
    0.30649E-03    0.59047E+03
    0.31268E-03    0.60199E+03
    0.31899E-03    0.61374E+03
    0.32544E-03    0.62571E+03
    0.33201E-03    0.63791E+03
    0.33872E-03    0.65035E+03
    0.34556E-03    0.66303E+03
    0.35254E-03    0.67595E+03
    0.35966E-03    0.68912E+03
    0.36693E-03    0.70254E+03
    0.37434E-03    0.71622E+03
    0.38190E-03    0.73016E+03
    0.38962E-03    0.74438E+03
    0.39749E-03    0.75886E+03
    0.40552E-03    0.77362E+03
    0.41371E-03    0.78866E+03
    0.42207E-03    0.80399E+03
    0.43060E-03    0.81962E+03
    0.43929E-03    0.83554E+03
    0.44817E-03    0.85176E+03
    0.45722E-03    0.86830E+03
    0.46646E-03    0.88515E+03
    0.47588E-03    0.90232E+03
    0.48550E-03    0.91981E+03
    0.49530E-03    0.93764E+03
    0.50531E-03    0.95580E+03
    0.51552E-03    0.97431E+03
    0.52593E-03    0.99316E+03
    0.53656E-03    0.10124E+04
    0.54739E-03    0.10320E+04
    0.55845E-03    0.10519E+04
    0.56973E-03    0.10722E+04
    0.58124E-03    0.10929E+04
    0.59299E-03    0.11140E+04
    0.60496E-03    0.11355E+04
    0.61719E-03    0.11574E+04
    0.62965E-03    0.11796E+04
    0.64237E-03    0.12023E+04
    0.65535E-03    0.12255E+04
    0.66859E-03    0.12490E+04
    0.68210E-03    0.12730E+04
    0.69588E-03    0.12974E+04
    0.70993E-03    0.13223E+04
    0.72427E-03    0.13477E+04
    0.73891E-03    0.13735E+04
    0.75383E-03    0.13998E+04
    0.76906E-03    0.14265E+04
    0.78460E-03    0.14538E+04
    0.80045E-03    0.14815E+04
    0.81662E-03    0.15097E+04
    0.83311E-03    0.15385E+04
    0.84994E-03    0.15678E+04
    0.86711E-03    0.15976E+04
    0.88463E-03    0.16279E+04
    0.90250E-03    0.16588E+04
    0.92073E-03    0.16902E+04
    0.93933E-03    0.17222E+04
    0.95831E-03    0.17548E+04
    0.97767E-03    0.17880E+04
    0.99742E-03    0.18217E+04
    0.10176E-02    0.18560E+04
    0.10381E-02    0.18909E+04
    0.10591E-02    0.19265E+04
    0.10805E-02    0.19626E+04
    0.11023E-02    0.19994E+04
    0.11246E-02    0.20368E+04
    0.11473E-02    0.20749E+04
    0.11705E-02    0.21136E+04
    0.11941E-02    0.21530E+04
    0.12182E-02    0.21931E+04
    0.12429E-02    0.22339E+04
    0.12680E-02    0.22753E+04
    0.12936E-02    0.23174E+04
    0.13197E-02    0.23603E+04
    0.13464E-02    0.24038E+04
    0.13736E-02    0.24481E+04
    0.14013E-02    0.24931E+04
    0.14296E-02    0.25389E+04
    0.14585E-02    0.25854E+04
    0.14880E-02    0.26327E+04
    0.15180E-02    0.26807E+04
    0.15487E-02    0.27295E+04
    0.15800E-02    0.27791E+04
    0.16119E-02    0.28295E+04
    0.16445E-02    0.28807E+04
    0.16777E-02    0.29327E+04
    0.17116E-02    0.29855E+04
    0.17462E-02    0.30391E+04
    0.17814E-02    0.30935E+04
    0.18174E-02    0.31488E+04
    0.18541E-02    0.32049E+04
    0.18916E-02    0.32619E+04
    0.19298E-02    0.33197E+04
    0.19688E-02    0.33784E+04
    0.20086E-02    0.34380E+04
    0.20491E-02    0.34984E+04
    0.20905E-02    0.35597E+04
    0.21328E-02    0.36219E+04
    0.21758E-02    0.36849E+04
    0.22198E-02    0.37489E+04
    0.22646E-02    0.38137E+04
    0.23104E-02    0.38795E+04
    0.23571E-02    0.39461E+04
    0.24047E-02    0.40136E+04
    0.24533E-02    0.40820E+04
    0.25028E-02    0.41514E+04
    0.25534E-02    0.42216E+04
    0.26050E-02    0.42927E+04
    0.26576E-02    0.43648E+04
    0.27113E-02    0.44377E+04
    0.27660E-02    0.45116E+04
    0.28219E-02    0.45863E+04
    0.28789E-02    0.46619E+04
    0.29371E-02    0.47385E+04
    0.29964E-02    0.48159E+04
    0.30569E-02    0.48942E+04
    0.31187E-02    0.49733E+04
    0.31817E-02    0.50534E+04
    0.32460E-02    0.51343E+04
    0.33115E-02    0.52160E+04
    0.33784E-02    0.52986E+04
    0.34467E-02    0.53821E+04
    0.35163E-02    0.54663E+04
    0.35874E-02    0.55514E+04
    0.36598E-02    0.56373E+04
    0.37338E-02    0.57239E+04
    0.38092E-02    0.58113E+04
    0.38861E-02    0.58994E+04
    0.39646E-02    0.59882E+04
    0.40447E-02    0.60778E+04
    0.41264E-02    0.61681E+04
    0.42098E-02    0.62593E+04
    0.42948E-02    0.63513E+04
    0.43816E-02    0.64439E+04
    0.44701E-02    0.65370E+04
    0.45604E-02    0.66303E+04
    0.46525E-02    0.67236E+04
    0.47465E-02    0.68166E+04
    0.48424E-02    0.69096E+04
    0.49402E-02    0.70028E+04
    0.50400E-02    0.70965E+04
    0.51419E-02    0.71909E+04
    0.52457E-02    0.72864E+04
    0.53517E-02    0.73827E+04
    0.54598E-02    0.74798E+04
    0.55701E-02    0.75772E+04
    0.56826E-02    0.76748E+04
    0.57974E-02    0.77723E+04
    0.59145E-02    0.78698E+04
    0.60340E-02    0.79672E+04
    0.61559E-02    0.80644E+04
    0.62803E-02    0.81616E+04
    0.64072E-02    0.82587E+04
    0.65366E-02    0.83557E+04
    0.66686E-02    0.84524E+04
    0.68033E-02    0.85488E+04
    0.69408E-02    0.86449E+04
    0.70810E-02    0.87404E+04
    0.72240E-02    0.88354E+04
    0.73700E-02    0.89299E+04
    0.75189E-02    0.90236E+04
    0.76708E-02    0.91166E+04
    0.78257E-02    0.92088E+04
    0.79838E-02    0.93000E+04
    0.81451E-02    0.93903E+04
    0.83096E-02    0.94795E+04
    0.84775E-02    0.95676E+04
    0.86488E-02    0.96544E+04
    0.88235E-02    0.97398E+04
    0.90017E-02    0.98238E+04
    0.91836E-02    0.99063E+04
    0.93691E-02    0.99872E+04
    0.95583E-02    0.10066E+05
    0.97514E-02    0.10144E+05
    0.99484E-02    0.10219E+05
    0.10149E-01    0.10292E+05
    0.10354E-01    0.10363E+05
    0.10564E-01    0.10432E+05
    0.10777E-01    0.10498E+05
    0.10995E-01    0.10562E+05
    0.11217E-01    0.10623E+05
    0.11443E-01    0.10682E+05
    0.11675E-01    0.10738E+05
    0.11910E-01    0.10790E+05
    0.12151E-01    0.10840E+05
    0.12397E-01    0.10886E+05
    0.12647E-01    0.10929E+05
    0.12902E-01    0.10968E+05
    0.13163E-01    0.11004E+05
    0.13429E-01    0.11036E+05
    0.13700E-01    0.11064E+05
    0.13977E-01    0.11088E+05
    0.14259E-01    0.11108E+05
    0.14547E-01    0.11124E+05
    0.14841E-01    0.11136E+05
    0.15141E-01    0.11143E+05
    0.15447E-01    0.11145E+05
    0.15759E-01    0.11143E+05
    0.16077E-01    0.11136E+05
    0.16402E-01    0.11123E+05
    0.16734E-01    0.11106E+05
    0.17072E-01    0.11084E+05
    0.17416E-01    0.11057E+05
    0.17768E-01    0.11024E+05
    0.18127E-01    0.10986E+05
    0.18493E-01    0.10943E+05
    0.18867E-01    0.10894E+05
    0.19248E-01    0.10840E+05
    0.19637E-01    0.10780E+05
    0.20034E-01    0.10715E+05
    0.20438E-01    0.10645E+05
    0.20851E-01    0.10568E+05
    0.21272E-01    0.10487E+05
    0.21702E-01    0.10400E+05
    0.22141E-01    0.10308E+05
    0.22588E-01    0.10210E+05
    0.23044E-01    0.10107E+05
    0.23510E-01    0.99995E+04
    0.23985E-01    0.98870E+04
    0.24469E-01    0.97697E+04
    0.24964E-01    0.96479E+04
    0.25468E-01    0.95217E+04
    0.25982E-01    0.93915E+04
    0.26507E-01    0.92574E+04
    0.27043E-01    0.91197E+04
    0.27589E-01    0.89788E+04
    0.28146E-01    0.88348E+04
    0.28715E-01    0.86882E+04
    0.29295E-01    0.85393E+04
    0.29887E-01    0.83885E+04
    0.30490E-01    0.82361E+04
    0.31106E-01    0.80825E+04
    0.31735E-01    0.79282E+04
    0.32376E-01    0.77735E+04
    0.33030E-01    0.76189E+04
    0.33697E-01    0.74647E+04
    0.34378E-01    0.73114E+04
    0.35072E-01    0.71594E+04
    0.35781E-01    0.70092E+04
    0.36504E-01    0.68613E+04
    0.37241E-01    0.67160E+04
    0.37993E-01    0.65739E+04
    0.38761E-01    0.64350E+04
    0.39544E-01    0.62996E+04
    0.40343E-01    0.61679E+04
    0.41158E-01    0.60401E+04
    0.41989E-01    0.59163E+04
    0.42838E-01    0.57970E+04
    0.43703E-01    0.56826E+04
    0.44586E-01    0.55736E+04
    0.45486E-01    0.54703E+04
    0.46405E-01    0.53729E+04
    0.47343E-01    0.52809E+04
    0.48299E-01    0.51939E+04
    0.49275E-01    0.51116E+04
    0.50270E-01    0.50335E+04
    0.51286E-01    0.49593E+04
    0.52322E-01    0.48888E+04
    0.53379E-01    0.48216E+04
    0.54457E-01    0.47575E+04
    0.55557E-01    0.46959E+04
    0.56680E-01    0.46359E+04
    0.57825E-01    0.45769E+04
    0.58993E-01    0.45181E+04
    0.60184E-01    0.44590E+04
    0.61400E-01    0.43988E+04
    0.62641E-01    0.43369E+04
    0.63906E-01    0.42727E+04
    0.65197E-01    0.42054E+04
    0.66514E-01    0.41344E+04
    0.67858E-01    0.40592E+04
    0.69229E-01    0.39794E+04
    0.70627E-01    0.38946E+04
    0.72054E-01    0.38048E+04
    0.73510E-01    0.37100E+04
    0.74994E-01    0.36103E+04
    0.76509E-01    0.35063E+04
    0.78055E-01    0.33986E+04
    0.79632E-01    0.32879E+04
    0.81241E-01    0.31753E+04
    0.82882E-01    0.30618E+04
    0.84556E-01    0.29485E+04
    0.86264E-01    0.28366E+04
    0.88007E-01    0.27273E+04
    0.89785E-01    0.26218E+04
    0.91598E-01    0.25213E+04
    0.93449E-01    0.24267E+04
    0.95337E-01    0.23389E+04
    0.97263E-01    0.22587E+04
    0.99227E-01    0.21864E+04
    0.10123E+00    0.21221E+04
    0.10328E+00    0.20656E+04
    0.10536E+00    0.20164E+04
    0.10749E+00    0.19738E+04
    0.10966E+00    0.19367E+04
    0.11188E+00    0.19039E+04
    0.11414E+00    0.18740E+04
    0.11644E+00    0.18456E+04
    0.11880E+00    0.18171E+04
    0.12120E+00    0.17869E+04
    0.12365E+00    0.17538E+04
    0.12614E+00    0.17166E+04
    0.12869E+00    0.16746E+04
    0.13129E+00    0.16277E+04
    0.13394E+00    0.15761E+04
    0.13665E+00    0.15205E+04
    0.13941E+00    0.14619E+04
    0.14223E+00    0.14016E+04
    0.14510E+00    0.13411E+04
    0.14803E+00    0.12821E+04
    0.15102E+00    0.12262E+04
    0.15407E+00    0.11750E+04
    0.15718E+00    0.11296E+04
    0.16036E+00    0.10906E+04
    0.16360E+00    0.10578E+04
    0.16690E+00    0.10305E+04
    0.17028E+00    0.10075E+04
    0.17371E+00    0.98768E+03
    0.17722E+00    0.96947E+03
    0.18080E+00    0.95141E+03
    0.18446E+00    0.93193E+03
    0.18818E+00    0.90971E+03
    0.19198E+00    0.88402E+03
    0.19586E+00    0.85495E+03
    0.19982E+00    0.82331E+03
    0.20386E+00    0.79037E+03
    0.20797E+00    0.75749E+03
    0.21218E+00    0.72603E+03
    0.21646E+00    0.69720E+03
    0.22083E+00    0.67188E+03
    0.22530E+00    0.65041E+03
    0.22985E+00    0.63245E+03
    0.23449E+00    0.61713E+03
    0.23923E+00    0.60328E+03
    0.24406E+00    0.58963E+03
    0.24899E+00    0.57505E+03
    0.25402E+00    0.55885E+03
    0.25915E+00    0.54096E+03
    0.26439E+00    0.52190E+03
    0.26973E+00    0.50255E+03
    0.27518E+00    0.48385E+03
    0.28074E+00    0.46666E+03
    0.28641E+00    0.45148E+03
    0.29219E+00    0.43833E+03
    0.29810E+00    0.42672E+03
    0.30412E+00    0.41589E+03
    0.31026E+00    0.40509E+03
    0.31653E+00    0.39379E+03
    0.32292E+00    0.38181E+03
    0.32945E+00    0.36938E+03
    0.33610E+00    0.35710E+03
    0.34289E+00    0.34549E+03
    0.34982E+00    0.33485E+03
    0.35689E+00    0.32525E+03
    0.36409E+00    0.31643E+03
    0.37145E+00    0.30797E+03
    0.37895E+00    0.29949E+03
    0.38661E+00    0.29085E+03
    0.39442E+00    0.28214E+03
    0.40239E+00    0.27363E+03
    0.41052E+00    0.26556E+03
    0.41881E+00    0.25805E+03
    0.42727E+00    0.25101E+03
    0.43590E+00    0.24427E+03
    0.44471E+00    0.23763E+03
    0.45369E+00    0.23103E+03
    0.46286E+00    0.22454E+03
    0.47221E+00    0.21828E+03
    0.48174E+00    0.21232E+03
    0.49148E+00    0.20666E+03
    0.50141E+00    0.20121E+03
    0.51153E+00    0.19588E+03
    0.52187E+00    0.19067E+03
    0.53241E+00    0.18560E+03
    0.54317E+00    0.18071E+03
    0.55414E+00    0.17602E+03
    0.56533E+00    0.17147E+03
    0.57675E+00    0.16707E+03
    0.58840E+00    0.16280E+03
    0.60029E+00    0.15867E+03
    0.61242E+00    0.15466E+03
    0.62479E+00    0.15078E+03
    0.63741E+00    0.14701E+03
    0.65029E+00    0.14336E+03
    0.66342E+00    0.13982E+03
    0.67683E+00    0.13638E+03
    0.69050E+00    0.13305E+03
    0.70445E+00    0.12981E+03
    0.71868E+00    0.12667E+03
    0.73320E+00    0.12361E+03
    0.74801E+00    0.12065E+03
    0.76312E+00    0.11777E+03
    0.77854E+00    0.11496E+03
    0.79426E+00    0.11224E+03
    0.81031E+00    0.10959E+03
    0.82668E+00    0.10702E+03
    0.84338E+00    0.10451E+03
    0.86041E+00    0.10207E+03
    0.87780E+00    0.99690E+02
    0.89553E+00    0.97375E+02
    0.91362E+00    0.95119E+02
    0.93208E+00    0.92921E+02
    0.95091E+00    0.90778E+02
    0.97011E+00    0.88688E+02
    0.98971E+00    0.86650E+02
    0.10097E+01    0.84661E+02
    0.10301E+01    0.82720E+02
    0.10509E+01    0.80825E+02
    0.10721E+01    0.78975E+02
    0.10938E+01    0.77167E+02
    0.11159E+01    0.75401E+02
    0.11384E+01    0.73676E+02
    0.11614E+01    0.71989E+02
    0.11849E+01    0.70340E+02
    0.12088E+01    0.68727E+02
    0.12333E+01    0.67150E+02
    0.12582E+01    0.65607E+02
    0.12836E+01    0.64096E+02
    0.13095E+01    0.62618E+02
    0.13360E+01    0.61171E+02
    0.13630E+01    0.59754E+02
    0.13905E+01    0.58367E+02
    0.14186E+01    0.57008E+02
    0.14472E+01    0.55677E+02
    0.14765E+01    0.54373E+02
    0.15063E+01    0.53095E+02
    0.15367E+01    0.51843E+02
    0.15678E+01    0.50616E+02
    0.15994E+01    0.49413E+02
    0.16318E+01    0.48234E+02
    0.16647E+01    0.47078E+02
    0.16984E+01    0.45945E+02
    0.17327E+01    0.44834E+02
    0.17677E+01    0.43744E+02
    0.18034E+01    0.42676E+02
    0.18398E+01    0.41629E+02
    0.18770E+01    0.40602E+02
    0.19149E+01    0.39595E+02
    0.19536E+01    0.38608E+02
    0.19930E+01    0.37640E+02
    0.20333E+01    0.36690E+02
    0.20744E+01    0.35759E+02
    0.21163E+01    0.34847E+02
    0.21590E+01    0.33952E+02
    0.22026E+01    0.33075E+02
    0.22471E+01    0.32215E+02
    0.22925E+01    0.31373E+02
    0.23388E+01    0.30547E+02
    0.23861E+01    0.29737E+02
    0.24343E+01    0.28944E+02
    0.24835E+01    0.28167E+02
    0.25336E+01    0.27405E+02
    0.25848E+01    0.26659E+02
    0.26370E+01    0.25929E+02
    0.26903E+01    0.25213E+02
    0.27447E+01    0.24513E+02
    0.28001E+01    0.23827E+02
    0.28567E+01    0.23156E+02
    0.29144E+01    0.22499E+02
    0.29733E+01    0.21856E+02
    0.30333E+01    0.21227E+02
    0.30946E+01    0.20611E+02
    0.31571E+01    0.20009E+02
    0.32209E+01    0.19421E+02
    0.32860E+01    0.18846E+02
    0.33523E+01    0.18284E+02
    0.34201E+01    0.17734E+02
    0.34892E+01    0.17198E+02
    0.35596E+01    0.16673E+02
    0.36316E+01    0.16161E+02
    0.37049E+01    0.15662E+02
    0.37798E+01    0.15174E+02
    0.38561E+01    0.14698E+02
    0.39340E+01    0.14233E+02
    0.40135E+01    0.13780E+02
    0.40946E+01    0.13339E+02
    0.41773E+01    0.12908E+02
    0.42617E+01    0.12488E+02
    0.43478E+01    0.12080E+02
    0.44356E+01    0.11681E+02
    0.45252E+01    0.11294E+02
    0.46166E+01    0.10916E+02
    0.47099E+01    0.10549E+02
    0.48050E+01    0.10192E+02
    0.49021E+01    0.98442E+01
    0.50011E+01    0.95063E+01
    0.51021E+01    0.91779E+01
    0.52052E+01    0.88588E+01
    0.53104E+01    0.85488E+01
    0.54176E+01    0.82478E+01
    0.55271E+01    0.79556E+01
    0.56387E+01    0.76720E+01
    0.57526E+01    0.73969E+01
    0.58689E+01    0.71300E+01
    0.59874E+01    0.68713E+01
    0.61084E+01    0.66205E+01
    0.62318E+01    0.63775E+01
    0.63577E+01    0.61421E+01
    0.64861E+01    0.59141E+01
    0.66171E+01    0.56934E+01
    0.67508E+01    0.54798E+01
    0.68872E+01    0.52731E+01
    0.70263E+01    0.50732E+01
    0.71682E+01    0.48799E+01
    0.73130E+01    0.46931E+01
    0.74608E+01    0.45126E+01
    0.76115E+01    0.43382E+01
    0.77653E+01    0.41698E+01
    0.79221E+01    0.40072E+01
    0.80822E+01    0.38503E+01
    0.82454E+01    0.36990E+01
    0.84120E+01    0.35529E+01
    0.85819E+01    0.34121E+01
    0.87553E+01    0.32762E+01
    0.89322E+01    0.31452E+01
    0.91126E+01    0.30190E+01
    0.92967E+01    0.28972E+01
    0.94845E+01    0.27799E+01
    0.96761E+01    0.26669E+01
    0.98716E+01    0.25580E+01
    0.10071E+02    0.24531E+01
    0.10274E+02    0.23521E+01
    0.10482E+02    0.22549E+01
    0.10694E+02    0.21615E+01
    0.10910E+02    0.20717E+01
    0.11130E+02    0.19855E+01
    0.11355E+02    0.19027E+01
    0.11584E+02    0.18233E+01
    0.11818E+02    0.17472E+01
