#           k/h    P           
    0.10000E-03    0.52179E+03
    0.10202E-03    0.53202E+03
    0.10408E-03    0.54244E+03
    0.10618E-03    0.55307E+03
    0.10833E-03    0.56391E+03
    0.11052E-03    0.57496E+03
    0.11275E-03    0.58623E+03
    0.11503E-03    0.59772E+03
    0.11735E-03    0.60943E+03
    0.11972E-03    0.62138E+03
    0.12214E-03    0.63355E+03
    0.12461E-03    0.64597E+03
    0.12712E-03    0.65863E+03
    0.12969E-03    0.67153E+03
    0.13231E-03    0.68469E+03
    0.13499E-03    0.69810E+03
    0.13771E-03    0.71178E+03
    0.14049E-03    0.72572E+03
    0.14333E-03    0.73993E+03
    0.14623E-03    0.75442E+03
    0.14918E-03    0.76920E+03
    0.15220E-03    0.78426E+03
    0.15527E-03    0.79962E+03
    0.15841E-03    0.81528E+03
    0.16161E-03    0.83125E+03
    0.16487E-03    0.84752E+03
    0.16820E-03    0.86412E+03
    0.17160E-03    0.88104E+03
    0.17507E-03    0.89829E+03
    0.17860E-03    0.91588E+03
    0.18221E-03    0.93381E+03
    0.18589E-03    0.95209E+03
    0.18965E-03    0.97072E+03
    0.19348E-03    0.98972E+03
    0.19739E-03    0.10091E+04
    0.20138E-03    0.10288E+04
    0.20544E-03    0.10489E+04
    0.20959E-03    0.10695E+04
    0.21383E-03    0.10904E+04
    0.21815E-03    0.11117E+04
    0.22255E-03    0.11335E+04
    0.22705E-03    0.11556E+04
    0.23164E-03    0.11782E+04
    0.23632E-03    0.12013E+04
    0.24109E-03    0.12248E+04
    0.24596E-03    0.12487E+04
    0.25093E-03    0.12731E+04
    0.25600E-03    0.12980E+04
    0.26117E-03    0.13234E+04
    0.26645E-03    0.13492E+04
    0.27183E-03    0.13756E+04
    0.27732E-03    0.14025E+04
    0.28292E-03    0.14299E+04
    0.28864E-03    0.14578E+04
    0.29447E-03    0.14862E+04
    0.30042E-03    0.15152E+04
    0.30649E-03    0.15448E+04
    0.31268E-03    0.15749E+04
    0.31899E-03    0.16057E+04
    0.32544E-03    0.16370E+04
    0.33201E-03    0.16689E+04
    0.33872E-03    0.17014E+04
    0.34556E-03    0.17346E+04
    0.35254E-03    0.17684E+04
    0.35966E-03    0.18028E+04
    0.36693E-03    0.18379E+04
    0.37434E-03    0.18737E+04
    0.38190E-03    0.19102E+04
    0.38962E-03    0.19474E+04
    0.39749E-03    0.19853E+04
    0.40552E-03    0.20239E+04
    0.41371E-03    0.20633E+04
    0.42207E-03    0.21034E+04
    0.43060E-03    0.21443E+04
    0.43929E-03    0.21860E+04
    0.44817E-03    0.22284E+04
    0.45722E-03    0.22717E+04
    0.46646E-03    0.23157E+04
    0.47588E-03    0.23607E+04
    0.48550E-03    0.24064E+04
    0.49530E-03    0.24531E+04
    0.50531E-03    0.25006E+04
    0.51552E-03    0.25490E+04
    0.52593E-03    0.25983E+04
    0.53656E-03    0.26486E+04
    0.54739E-03    0.26998E+04
    0.55845E-03    0.27520E+04
    0.56973E-03    0.28052E+04
    0.58124E-03    0.28593E+04
    0.59299E-03    0.29145E+04
    0.60496E-03    0.29707E+04
    0.61719E-03    0.30279E+04
    0.62965E-03    0.30863E+04
    0.64237E-03    0.31457E+04
    0.65535E-03    0.32062E+04
    0.66859E-03    0.32678E+04
    0.68210E-03    0.33306E+04
    0.69588E-03    0.33946E+04
    0.70993E-03    0.34597E+04
    0.72427E-03    0.35261E+04
    0.73891E-03    0.35937E+04
    0.75383E-03    0.36625E+04
    0.76906E-03    0.37326E+04
    0.78460E-03    0.38039E+04
    0.80045E-03    0.38766E+04
    0.81662E-03    0.39505E+04
    0.83311E-03    0.40258E+04
    0.84994E-03    0.41025E+04
    0.86711E-03    0.41806E+04
    0.88463E-03    0.42601E+04
    0.90250E-03    0.43410E+04
    0.92073E-03    0.44233E+04
    0.93933E-03    0.45072E+04
    0.95831E-03    0.45925E+04
    0.97767E-03    0.46794E+04
    0.99742E-03    0.47678E+04
    0.10176E-02    0.48578E+04
    0.10381E-02    0.49493E+04
    0.10591E-02    0.50425E+04
    0.10805E-02    0.51372E+04
    0.11023E-02    0.52337E+04
    0.11246E-02    0.53318E+04
    0.11473E-02    0.54316E+04
    0.11705E-02    0.55331E+04
    0.11941E-02    0.56364E+04
    0.12182E-02    0.57415E+04
    0.12429E-02    0.58483E+04
    0.12680E-02    0.59570E+04
    0.12936E-02    0.60675E+04
    0.13197E-02    0.61799E+04
    0.13464E-02    0.62941E+04
    0.13736E-02    0.64102E+04
    0.14013E-02    0.65283E+04
    0.14296E-02    0.66483E+04
    0.14585E-02    0.67703E+04
    0.14880E-02    0.68943E+04
    0.15180E-02    0.70203E+04
    0.15487E-02    0.71484E+04
    0.15800E-02    0.72785E+04
    0.16119E-02    0.74106E+04
    0.16445E-02    0.75449E+04
    0.16777E-02    0.76813E+04
    0.17116E-02    0.78198E+04
    0.17462E-02    0.79604E+04
    0.17814E-02    0.81032E+04
    0.18174E-02    0.82482E+04
    0.18541E-02    0.83953E+04
    0.18916E-02    0.85447E+04
    0.19298E-02    0.86964E+04
    0.19688E-02    0.88502E+04
    0.20086E-02    0.90063E+04
    0.20491E-02    0.91647E+04
    0.20905E-02    0.93253E+04
    0.21328E-02    0.94882E+04
    0.21758E-02    0.96534E+04
    0.22198E-02    0.98208E+04
    0.22646E-02    0.99906E+04
    0.23104E-02    0.10163E+05
    0.23571E-02    0.10337E+05
    0.24047E-02    0.10514E+05
    0.24533E-02    0.10693E+05
    0.25028E-02    0.10874E+05
    0.25534E-02    0.11058E+05
    0.26050E-02    0.11244E+05
    0.26576E-02    0.11432E+05
    0.27113E-02    0.11623E+05
    0.27660E-02    0.11816E+05
    0.28219E-02    0.12011E+05
    0.28789E-02    0.12208E+05
    0.29371E-02    0.12408E+05
    0.29964E-02    0.12610E+05
    0.30569E-02    0.12813E+05
    0.31187E-02    0.13019E+05
    0.31817E-02    0.13228E+05
    0.32460E-02    0.13438E+05
    0.33115E-02    0.13650E+05
    0.33784E-02    0.13865E+05
    0.34467E-02    0.14081E+05
    0.35163E-02    0.14300E+05
    0.35874E-02    0.14520E+05
    0.36598E-02    0.14742E+05
    0.37338E-02    0.14966E+05
    0.38092E-02    0.15192E+05
    0.38861E-02    0.15420E+05
    0.39646E-02    0.15649E+05
    0.40447E-02    0.15880E+05
    0.41264E-02    0.16113E+05
    0.42098E-02    0.16347E+05
    0.42948E-02    0.16582E+05
    0.43816E-02    0.16819E+05
    0.44701E-02    0.17057E+05
    0.45604E-02    0.17296E+05
    0.46525E-02    0.17536E+05
    0.47465E-02    0.17777E+05
    0.48424E-02    0.18019E+05
    0.49402E-02    0.18262E+05
    0.50400E-02    0.18505E+05
    0.51419E-02    0.18750E+05
    0.52457E-02    0.18994E+05
    0.53517E-02    0.19239E+05
    0.54598E-02    0.19485E+05
    0.55701E-02    0.19730E+05
    0.56826E-02    0.19976E+05
    0.57974E-02    0.20222E+05
    0.59145E-02    0.20468E+05
    0.60340E-02    0.20713E+05
    0.61559E-02    0.20958E+05
    0.62803E-02    0.21202E+05
    0.64072E-02    0.21445E+05
    0.65366E-02    0.21687E+05
    0.66686E-02    0.21928E+05
    0.68033E-02    0.22167E+05
    0.69408E-02    0.22405E+05
    0.70810E-02    0.22642E+05
    0.72240E-02    0.22876E+05
    0.73700E-02    0.23108E+05
    0.75189E-02    0.23338E+05
    0.76708E-02    0.23566E+05
    0.78257E-02    0.23790E+05
    0.79838E-02    0.24012E+05
    0.81451E-02    0.24231E+05
    0.83096E-02    0.24447E+05
    0.84775E-02    0.24659E+05
    0.86488E-02    0.24867E+05
    0.88235E-02    0.25072E+05
    0.90017E-02    0.25272E+05
    0.91836E-02    0.25468E+05
    0.93691E-02    0.25659E+05
    0.95583E-02    0.25845E+05
    0.97514E-02    0.26026E+05
    0.99484E-02    0.26202E+05
    0.10149E-01    0.26371E+05
    0.10354E-01    0.26535E+05
    0.10564E-01    0.26692E+05
    0.10777E-01    0.26843E+05
    0.10995E-01    0.26987E+05
    0.11217E-01    0.27124E+05
    0.11443E-01    0.27253E+05
    0.11675E-01    0.27374E+05
    0.11910E-01    0.27488E+05
    0.12151E-01    0.27593E+05
    0.12397E-01    0.27689E+05
    0.12647E-01    0.27776E+05
    0.12902E-01    0.27854E+05
    0.13163E-01    0.27923E+05
    0.13429E-01    0.27982E+05
    0.13700E-01    0.28030E+05
    0.13977E-01    0.28068E+05
    0.14259E-01    0.28096E+05
    0.14547E-01    0.28112E+05
    0.14841E-01    0.28118E+05
    0.15141E-01    0.28111E+05
    0.15447E-01    0.28093E+05
    0.15759E-01    0.28063E+05
    0.16077E-01    0.28020E+05
    0.16402E-01    0.27965E+05
    0.16734E-01    0.27898E+05
    0.17072E-01    0.27817E+05
    0.17416E-01    0.27724E+05
    0.17768E-01    0.27617E+05
    0.18127E-01    0.27496E+05
    0.18493E-01    0.27363E+05
    0.18867E-01    0.27215E+05
    0.19248E-01    0.27054E+05
    0.19637E-01    0.26880E+05
    0.20034E-01    0.26691E+05
    0.20438E-01    0.26489E+05
    0.20851E-01    0.26274E+05
    0.21272E-01    0.26046E+05
    0.21702E-01    0.25804E+05
    0.22141E-01    0.25549E+05
    0.22588E-01    0.25282E+05
    0.23044E-01    0.25002E+05
    0.23510E-01    0.24710E+05
    0.23985E-01    0.24406E+05
    0.24469E-01    0.24092E+05
    0.24964E-01    0.23766E+05
    0.25468E-01    0.23430E+05
    0.25982E-01    0.23085E+05
    0.26507E-01    0.22731E+05
    0.27043E-01    0.22368E+05
    0.27589E-01    0.21999E+05
    0.28146E-01    0.21622E+05
    0.28715E-01    0.21240E+05
    0.29295E-01    0.20852E+05
    0.29887E-01    0.20461E+05
    0.30490E-01    0.20067E+05
    0.31106E-01    0.19670E+05
    0.31735E-01    0.19273E+05
    0.32376E-01    0.18875E+05
    0.33030E-01    0.18479E+05
    0.33697E-01    0.18084E+05
    0.34378E-01    0.17693E+05
    0.35072E-01    0.17305E+05
    0.35781E-01    0.16923E+05
    0.36504E-01    0.16548E+05
    0.37241E-01    0.16180E+05
    0.37993E-01    0.15820E+05
    0.38761E-01    0.15470E+05
    0.39544E-01    0.15129E+05
    0.40343E-01    0.14798E+05
    0.41158E-01    0.14477E+05
    0.41989E-01    0.14166E+05
    0.42838E-01    0.13867E+05
    0.43703E-01    0.13582E+05
    0.44586E-01    0.13310E+05
    0.45486E-01    0.13052E+05
    0.46405E-01    0.12810E+05
    0.47343E-01    0.12581E+05
    0.48299E-01    0.12366E+05
    0.49275E-01    0.12162E+05
    0.50270E-01    0.11969E+05
    0.51286E-01    0.11786E+05
    0.52322E-01    0.11612E+05
    0.53379E-01    0.11447E+05
    0.54457E-01    0.11288E+05
    0.55557E-01    0.11136E+05
    0.56680E-01    0.10988E+05
    0.57825E-01    0.10843E+05
    0.58993E-01    0.10699E+05
    0.60184E-01    0.10554E+05
    0.61400E-01    0.10406E+05
    0.62641E-01    0.10254E+05
    0.63906E-01    0.10095E+05
    0.65197E-01    0.99290E+04
    0.66514E-01    0.97534E+04
    0.67858E-01    0.95672E+04
    0.69229E-01    0.93695E+04
    0.70627E-01    0.91594E+04
    0.72054E-01    0.89365E+04
    0.73510E-01    0.87012E+04
    0.74994E-01    0.84540E+04
    0.76509E-01    0.81961E+04
    0.78055E-01    0.79293E+04
    0.79632E-01    0.76554E+04
    0.81241E-01    0.73770E+04
    0.82882E-01    0.70968E+04
    0.84556E-01    0.68176E+04
    0.86264E-01    0.65424E+04
    0.88007E-01    0.62742E+04
    0.89785E-01    0.60160E+04
    0.91598E-01    0.57707E+04
    0.93449E-01    0.55407E+04
    0.95337E-01    0.53281E+04
    0.97263E-01    0.51345E+04
    0.99227E-01    0.49610E+04
    0.10123E+00    0.48075E+04
    0.10328E+00    0.46737E+04
    0.10536E+00    0.45580E+04
    0.10749E+00    0.44585E+04
    0.10966E+00    0.43726E+04
    0.11188E+00    0.42971E+04
    0.11414E+00    0.42284E+04
    0.11644E+00    0.41627E+04
    0.11880E+00    0.40963E+04
    0.12120E+00    0.40253E+04
    0.12365E+00    0.39460E+04
    0.12614E+00    0.38559E+04
    0.12869E+00    0.37532E+04
    0.13129E+00    0.36378E+04
    0.13394E+00    0.35105E+04
    0.13665E+00    0.33732E+04
    0.13941E+00    0.32285E+04
    0.14223E+00    0.30799E+04
    0.14510E+00    0.29312E+04
    0.14803E+00    0.27868E+04
    0.15102E+00    0.26511E+04
    0.15407E+00    0.25278E+04
    0.15718E+00    0.24193E+04
    0.16036E+00    0.23272E+04
    0.16360E+00    0.22509E+04
    0.16690E+00    0.21886E+04
    0.17028E+00    0.21369E+04
    0.17371E+00    0.20924E+04
    0.17722E+00    0.20516E+04
    0.18080E+00    0.20103E+04
    0.18446E+00    0.19648E+04
    0.18818E+00    0.19116E+04
    0.19198E+00    0.18492E+04
    0.19586E+00    0.17779E+04
    0.19982E+00    0.16999E+04
    0.20386E+00    0.16189E+04
    0.20797E+00    0.15385E+04
    0.21218E+00    0.14624E+04
    0.21646E+00    0.13935E+04
    0.22083E+00    0.13340E+04
    0.22530E+00    0.12845E+04
    0.22985E+00    0.12438E+04
    0.23449E+00    0.12096E+04
    0.23923E+00    0.11787E+04
    0.24406E+00    0.11477E+04
    0.24899E+00    0.11137E+04
    0.25402E+00    0.10752E+04
    0.25915E+00    0.10320E+04
    0.26439E+00    0.98590E+03
    0.26973E+00    0.93934E+03
    0.27518E+00    0.89482E+03
    0.28074E+00    0.85447E+03
    0.28641E+00    0.81951E+03
    0.29219E+00    0.78983E+03
    0.29810E+00    0.76399E+03
    0.30412E+00    0.73985E+03
    0.31026E+00    0.71538E+03
    0.31653E+00    0.68930E+03
    0.32292E+00    0.66124E+03
    0.32945E+00    0.63208E+03
    0.33610E+00    0.60344E+03
    0.34289E+00    0.57675E+03
    0.34982E+00    0.55275E+03
    0.35689E+00    0.53145E+03
    0.36409E+00    0.51209E+03
    0.37145E+00    0.49342E+03
    0.37895E+00    0.47449E+03
    0.38661E+00    0.45505E+03
    0.39442E+00    0.43541E+03
    0.40239E+00    0.41637E+03
    0.41052E+00    0.39856E+03
    0.41881E+00    0.38223E+03
    0.42727E+00    0.36714E+03
    0.43590E+00    0.35269E+03
    0.44471E+00    0.33842E+03
    0.45369E+00    0.32420E+03
    0.46286E+00    0.31023E+03
    0.47221E+00    0.29692E+03
    0.48174E+00    0.28443E+03
    0.49148E+00    0.27269E+03
    0.50141E+00    0.26147E+03
    0.51153E+00    0.25052E+03
    0.52187E+00    0.23982E+03
    0.53241E+00    0.22948E+03
    0.54317E+00    0.21966E+03
    0.55414E+00    0.21032E+03
    0.56533E+00    0.20136E+03
    0.57675E+00    0.19275E+03
    0.58840E+00    0.18448E+03
    0.60029E+00    0.17654E+03
    0.61242E+00    0.16892E+03
    0.62479E+00    0.16162E+03
    0.63741E+00    0.15462E+03
    0.65029E+00    0.14790E+03
    0.66342E+00    0.14147E+03
    0.67683E+00    0.13530E+03
    0.69050E+00    0.12938E+03
    0.70445E+00    0.12372E+03
    0.71868E+00    0.11829E+03
    0.73320E+00    0.11308E+03
    0.74801E+00    0.10810E+03
    0.76312E+00    0.10333E+03
    0.77854E+00    0.98754E+02
    0.79426E+00    0.94376E+02
    0.81031E+00    0.90184E+02
    0.82668E+00    0.86170E+02
    0.84338E+00    0.82327E+02
    0.86041E+00    0.78649E+02
    0.87780E+00    0.75128E+02
    0.89553E+00    0.71759E+02
    0.91362E+00    0.68534E+02
    0.93208E+00    0.65449E+02
    0.95091E+00    0.62498E+02
    0.97011E+00    0.59674E+02
    0.98971E+00    0.56973E+02
    0.10097E+01    0.54391E+02
    0.10301E+01    0.51921E+02
    0.10509E+01    0.49559E+02
    0.10721E+01    0.47302E+02
    0.10938E+01    0.45143E+02
    0.11159E+01    0.43081E+02
    0.11384E+01    0.41109E+02
    0.11614E+01    0.39225E+02
    0.11849E+01    0.37424E+02
    0.12088E+01    0.35703E+02
    0.12333E+01    0.34059E+02
    0.12582E+01    0.32488E+02
    0.12836E+01    0.30987E+02
    0.13095E+01    0.29554E+02
    0.13360E+01    0.28184E+02
    0.13630E+01    0.26876E+02
    0.13905E+01    0.25627E+02
    0.14186E+01    0.24433E+02
    0.14472E+01    0.23294E+02
    0.14765E+01    0.22207E+02
    0.15063E+01    0.21168E+02
    0.15367E+01    0.20177E+02
    0.15678E+01    0.19231E+02
    0.15994E+01    0.18328E+02
    0.16318E+01    0.17467E+02
    0.16647E+01    0.16645E+02
    0.16984E+01    0.15861E+02
    0.17327E+01    0.15112E+02
    0.17677E+01    0.14399E+02
    0.18034E+01    0.13718E+02
    0.18398E+01    0.13068E+02
    0.18770E+01    0.12448E+02
    0.19149E+01    0.11858E+02
    0.19536E+01    0.11294E+02
    0.19930E+01    0.10757E+02
    0.20333E+01    0.10244E+02
    0.20744E+01    0.97554E+01
    0.21163E+01    0.92894E+01
    0.21590E+01    0.88452E+01
    0.22026E+01    0.84217E+01
    0.22471E+01    0.80181E+01
    0.22925E+01    0.76333E+01
    0.23388E+01    0.72666E+01
    0.23861E+01    0.69171E+01
    0.24343E+01    0.65840E+01
    0.24835E+01    0.62667E+01
    0.25336E+01    0.59643E+01
    0.25848E+01    0.56761E+01
    0.26370E+01    0.54017E+01
    0.26903E+01    0.51402E+01
    0.27447E+01    0.48911E+01
    0.28001E+01    0.46538E+01
    0.28567E+01    0.44278E+01
    0.29144E+01    0.42126E+01
    0.29733E+01    0.40076E+01
    0.30333E+01    0.38125E+01
    0.30946E+01    0.36266E+01
    0.31571E+01    0.34496E+01
    0.32209E+01    0.32811E+01
    0.32860E+01    0.31207E+01
    0.33523E+01    0.29680E+01
    0.34201E+01    0.28226E+01
    0.34892E+01    0.26842E+01
    0.35596E+01    0.25525E+01
    0.36316E+01    0.24271E+01
    0.37049E+01    0.23078E+01
    0.37798E+01    0.21943E+01
    0.38561E+01    0.20862E+01
    0.39340E+01    0.19834E+01
    0.40135E+01    0.18855E+01
    0.40946E+01    0.17924E+01
    0.41773E+01    0.17039E+01
    0.42617E+01    0.16196E+01
    0.43478E+01    0.15394E+01
    0.44356E+01    0.14631E+01
    0.45252E+01    0.13906E+01
    0.46166E+01    0.13215E+01
    0.47099E+01    0.12559E+01
    0.48050E+01    0.11934E+01
    0.49021E+01    0.11341E+01
    0.50011E+01    0.10776E+01
    0.51021E+01    0.10239E+01
    0.52052E+01    0.97281E+00
    0.53104E+01    0.92425E+00
    0.54176E+01    0.87808E+00
    0.55271E+01    0.83419E+00
    0.56387E+01    0.79246E+00
    0.57526E+01    0.75279E+00
    0.58689E+01    0.71508E+00
    0.59874E+01    0.67923E+00
    0.61084E+01    0.64516E+00
    0.62318E+01    0.61277E+00
    0.63577E+01    0.58199E+00
    0.64861E+01    0.55273E+00
    0.66171E+01    0.52492E+00
    0.67508E+01    0.49849E+00
    0.68872E+01    0.47337E+00
    0.70263E+01    0.44951E+00
    0.71682E+01    0.42683E+00
    0.73130E+01    0.40528E+00
    0.74608E+01    0.38480E+00
    0.76115E+01    0.36534E+00
    0.77653E+01    0.34686E+00
    0.79221E+01    0.32930E+00
    0.80822E+01    0.31262E+00
    0.82454E+01    0.29677E+00
    0.84120E+01    0.28172E+00
    0.85819E+01    0.26742E+00
    0.87553E+01    0.25383E+00
    0.89322E+01    0.24093E+00
    0.91126E+01    0.22868E+00
    0.92967E+01    0.21704E+00
    0.94845E+01    0.20599E+00
    0.96761E+01    0.19549E+00
    0.98716E+01    0.18552E+00
    0.10071E+02    0.17605E+00
    0.10274E+02    0.16706E+00
    0.10482E+02    0.15852E+00
    0.10694E+02    0.15042E+00
    0.10910E+02    0.14272E+00
    0.11130E+02    0.13542E+00
    0.11355E+02    0.12849E+00
    0.11584E+02    0.12191E+00
    0.11818E+02    0.11567E+00
