#           k/h    P           
    0.10000E-03    0.52123E+03
    0.10202E-03    0.53145E+03
    0.10408E-03    0.54186E+03
    0.10618E-03    0.55248E+03
    0.10833E-03    0.56331E+03
    0.11052E-03    0.57435E+03
    0.11275E-03    0.58560E+03
    0.11503E-03    0.59708E+03
    0.11735E-03    0.60878E+03
    0.11972E-03    0.62071E+03
    0.12214E-03    0.63287E+03
    0.12461E-03    0.64527E+03
    0.12712E-03    0.65791E+03
    0.12969E-03    0.67080E+03
    0.13231E-03    0.68394E+03
    0.13499E-03    0.69734E+03
    0.13771E-03    0.71100E+03
    0.14049E-03    0.72493E+03
    0.14333E-03    0.73912E+03
    0.14623E-03    0.75360E+03
    0.14918E-03    0.76836E+03
    0.15220E-03    0.78341E+03
    0.15527E-03    0.79875E+03
    0.15841E-03    0.81439E+03
    0.16161E-03    0.83034E+03
    0.16487E-03    0.84660E+03
    0.16820E-03    0.86318E+03
    0.17160E-03    0.88008E+03
    0.17507E-03    0.89731E+03
    0.17860E-03    0.91488E+03
    0.18221E-03    0.93279E+03
    0.18589E-03    0.95105E+03
    0.18965E-03    0.96966E+03
    0.19348E-03    0.98863E+03
    0.19739E-03    0.10080E+04
    0.20138E-03    0.10277E+04
    0.20544E-03    0.10478E+04
    0.20959E-03    0.10683E+04
    0.21383E-03    0.10892E+04
    0.21815E-03    0.11105E+04
    0.22255E-03    0.11322E+04
    0.22705E-03    0.11544E+04
    0.23164E-03    0.11770E+04
    0.23632E-03    0.12000E+04
    0.24109E-03    0.12235E+04
    0.24596E-03    0.12474E+04
    0.25093E-03    0.12718E+04
    0.25600E-03    0.12967E+04
    0.26117E-03    0.13220E+04
    0.26645E-03    0.13478E+04
    0.27183E-03    0.13741E+04
    0.27732E-03    0.14009E+04
    0.28292E-03    0.14283E+04
    0.28864E-03    0.14561E+04
    0.29447E-03    0.14845E+04
    0.30042E-03    0.15135E+04
    0.30649E-03    0.15430E+04
    0.31268E-03    0.15731E+04
    0.31899E-03    0.16038E+04
    0.32544E-03    0.16351E+04
    0.33201E-03    0.16670E+04
    0.33872E-03    0.16995E+04
    0.34556E-03    0.17326E+04
    0.35254E-03    0.17664E+04
    0.35966E-03    0.18008E+04
    0.36693E-03    0.18358E+04
    0.37434E-03    0.18716E+04
    0.38190E-03    0.19080E+04
    0.38962E-03    0.19451E+04
    0.39749E-03    0.19830E+04
    0.40552E-03    0.20215E+04
    0.41371E-03    0.20608E+04
    0.42207E-03    0.21009E+04
    0.43060E-03    0.21417E+04
    0.43929E-03    0.21833E+04
    0.44817E-03    0.22257E+04
    0.45722E-03    0.22690E+04
    0.46646E-03    0.23130E+04
    0.47588E-03    0.23578E+04
    0.48550E-03    0.24036E+04
    0.49530E-03    0.24502E+04
    0.50531E-03    0.24976E+04
    0.51552E-03    0.25460E+04
    0.52593E-03    0.25953E+04
    0.53656E-03    0.26454E+04
    0.54739E-03    0.26966E+04
    0.55845E-03    0.27486E+04
    0.56973E-03    0.28017E+04
    0.58124E-03    0.28558E+04
    0.59299E-03    0.29109E+04
    0.60496E-03    0.29670E+04
    0.61719E-03    0.30242E+04
    0.62965E-03    0.30825E+04
    0.64237E-03    0.31419E+04
    0.65535E-03    0.32023E+04
    0.66859E-03    0.32639E+04
    0.68210E-03    0.33266E+04
    0.69588E-03    0.33905E+04
    0.70993E-03    0.34555E+04
    0.72427E-03    0.35218E+04
    0.73891E-03    0.35892E+04
    0.75383E-03    0.36579E+04
    0.76906E-03    0.37279E+04
    0.78460E-03    0.37991E+04
    0.80045E-03    0.38717E+04
    0.81662E-03    0.39456E+04
    0.83311E-03    0.40208E+04
    0.84994E-03    0.40974E+04
    0.86711E-03    0.41754E+04
    0.88463E-03    0.42548E+04
    0.90250E-03    0.43356E+04
    0.92073E-03    0.44178E+04
    0.93933E-03    0.45016E+04
    0.95831E-03    0.45868E+04
    0.97767E-03    0.46735E+04
    0.99742E-03    0.47618E+04
    0.10176E-02    0.48517E+04
    0.10381E-02    0.49431E+04
    0.10591E-02    0.50362E+04
    0.10805E-02    0.51308E+04
    0.11023E-02    0.52272E+04
    0.11246E-02    0.53252E+04
    0.11473E-02    0.54249E+04
    0.11705E-02    0.55264E+04
    0.11941E-02    0.56296E+04
    0.12182E-02    0.57345E+04
    0.12429E-02    0.58412E+04
    0.12680E-02    0.59498E+04
    0.12936E-02    0.60602E+04
    0.13197E-02    0.61725E+04
    0.13464E-02    0.62866E+04
    0.13736E-02    0.64027E+04
    0.14013E-02    0.65207E+04
    0.14296E-02    0.66407E+04
    0.14585E-02    0.67626E+04
    0.14880E-02    0.68866E+04
    0.15180E-02    0.70125E+04
    0.15487E-02    0.71405E+04
    0.15800E-02    0.72706E+04
    0.16119E-02    0.74027E+04
    0.16445E-02    0.75369E+04
    0.16777E-02    0.76732E+04
    0.17116E-02    0.78117E+04
    0.17462E-02    0.79523E+04
    0.17814E-02    0.80951E+04
    0.18174E-02    0.82401E+04
    0.18541E-02    0.83872E+04
    0.18916E-02    0.85367E+04
    0.19298E-02    0.86883E+04
    0.19688E-02    0.88422E+04
    0.20086E-02    0.89984E+04
    0.20491E-02    0.91568E+04
    0.20905E-02    0.93176E+04
    0.21328E-02    0.94806E+04
    0.21758E-02    0.96460E+04
    0.22198E-02    0.98136E+04
    0.22646E-02    0.99836E+04
    0.23104E-02    0.10156E+05
    0.23571E-02    0.10331E+05
    0.24047E-02    0.10507E+05
    0.24533E-02    0.10687E+05
    0.25028E-02    0.10868E+05
    0.25534E-02    0.11052E+05
    0.26050E-02    0.11239E+05
    0.26576E-02    0.11427E+05
    0.27113E-02    0.11618E+05
    0.27660E-02    0.11812E+05
    0.28219E-02    0.12007E+05
    0.28789E-02    0.12205E+05
    0.29371E-02    0.12405E+05
    0.29964E-02    0.12607E+05
    0.30569E-02    0.12811E+05
    0.31187E-02    0.13018E+05
    0.31817E-02    0.13227E+05
    0.32460E-02    0.13438E+05
    0.33115E-02    0.13651E+05
    0.33784E-02    0.13867E+05
    0.34467E-02    0.14084E+05
    0.35163E-02    0.14303E+05
    0.35874E-02    0.14524E+05
    0.36598E-02    0.14747E+05
    0.37338E-02    0.14971E+05
    0.38092E-02    0.15198E+05
    0.38861E-02    0.15427E+05
    0.39646E-02    0.15657E+05
    0.40447E-02    0.15889E+05
    0.41264E-02    0.16123E+05
    0.42098E-02    0.16357E+05
    0.42948E-02    0.16593E+05
    0.43816E-02    0.16830E+05
    0.44701E-02    0.17068E+05
    0.45604E-02    0.17307E+05
    0.46525E-02    0.17547E+05
    0.47465E-02    0.17789E+05
    0.48424E-02    0.18031E+05
    0.49402E-02    0.18274E+05
    0.50400E-02    0.18518E+05
    0.51419E-02    0.18762E+05
    0.52457E-02    0.19007E+05
    0.53517E-02    0.19251E+05
    0.54598E-02    0.19496E+05
    0.55701E-02    0.19741E+05
    0.56826E-02    0.19986E+05
    0.57974E-02    0.20230E+05
    0.59145E-02    0.20474E+05
    0.60340E-02    0.20717E+05
    0.61559E-02    0.20959E+05
    0.62803E-02    0.21201E+05
    0.64072E-02    0.21441E+05
    0.65366E-02    0.21680E+05
    0.66686E-02    0.21918E+05
    0.68033E-02    0.22154E+05
    0.69408E-02    0.22388E+05
    0.70810E-02    0.22620E+05
    0.72240E-02    0.22849E+05
    0.73700E-02    0.23076E+05
    0.75189E-02    0.23300E+05
    0.76708E-02    0.23522E+05
    0.78257E-02    0.23740E+05
    0.79838E-02    0.23955E+05
    0.81451E-02    0.24166E+05
    0.83096E-02    0.24374E+05
    0.84775E-02    0.24578E+05
    0.86488E-02    0.24778E+05
    0.88235E-02    0.24974E+05
    0.90017E-02    0.25166E+05
    0.91836E-02    0.25352E+05
    0.93691E-02    0.25533E+05
    0.95583E-02    0.25709E+05
    0.97514E-02    0.25878E+05
    0.99484E-02    0.26042E+05
    0.10149E-01    0.26199E+05
    0.10354E-01    0.26349E+05
    0.10564E-01    0.26493E+05
    0.10777E-01    0.26630E+05
    0.10995E-01    0.26759E+05
    0.11217E-01    0.26880E+05
    0.11443E-01    0.26993E+05
    0.11675E-01    0.27098E+05
    0.11910E-01    0.27193E+05
    0.12151E-01    0.27280E+05
    0.12397E-01    0.27359E+05
    0.12647E-01    0.27428E+05
    0.12902E-01    0.27488E+05
    0.13163E-01    0.27538E+05
    0.13429E-01    0.27578E+05
    0.13700E-01    0.27608E+05
    0.13977E-01    0.27628E+05
    0.14259E-01    0.27636E+05
    0.14547E-01    0.27633E+05
    0.14841E-01    0.27619E+05
    0.15141E-01    0.27593E+05
    0.15447E-01    0.27556E+05
    0.15759E-01    0.27506E+05
    0.16077E-01    0.27445E+05
    0.16402E-01    0.27371E+05
    0.16734E-01    0.27284E+05
    0.17072E-01    0.27185E+05
    0.17416E-01    0.27072E+05
    0.17768E-01    0.26947E+05
    0.18127E-01    0.26809E+05
    0.18493E-01    0.26657E+05
    0.18867E-01    0.26493E+05
    0.19248E-01    0.26315E+05
    0.19637E-01    0.26125E+05
    0.20034E-01    0.25921E+05
    0.20438E-01    0.25705E+05
    0.20851E-01    0.25475E+05
    0.21272E-01    0.25233E+05
    0.21702E-01    0.24979E+05
    0.22141E-01    0.24712E+05
    0.22588E-01    0.24434E+05
    0.23044E-01    0.24143E+05
    0.23510E-01    0.23842E+05
    0.23985E-01    0.23529E+05
    0.24469E-01    0.23207E+05
    0.24964E-01    0.22874E+05
    0.25468E-01    0.22532E+05
    0.25982E-01    0.22182E+05
    0.26507E-01    0.21823E+05
    0.27043E-01    0.21457E+05
    0.27589E-01    0.21084E+05
    0.28146E-01    0.20705E+05
    0.28715E-01    0.20321E+05
    0.29295E-01    0.19932E+05
    0.29887E-01    0.19540E+05
    0.30490E-01    0.19146E+05
    0.31106E-01    0.18750E+05
    0.31735E-01    0.18354E+05
    0.32376E-01    0.17959E+05
    0.33030E-01    0.17564E+05
    0.33697E-01    0.17172E+05
    0.34378E-01    0.16784E+05
    0.35072E-01    0.16400E+05
    0.35781E-01    0.16021E+05
    0.36504E-01    0.15649E+05
    0.37241E-01    0.15284E+05
    0.37993E-01    0.14927E+05
    0.38761E-01    0.14580E+05
    0.39544E-01    0.14242E+05
    0.40343E-01    0.13913E+05
    0.41158E-01    0.13595E+05
    0.41989E-01    0.13287E+05
    0.42838E-01    0.12991E+05
    0.43703E-01    0.12707E+05
    0.44586E-01    0.12436E+05
    0.45486E-01    0.12179E+05
    0.46405E-01    0.11937E+05
    0.47343E-01    0.11707E+05
    0.48299E-01    0.11490E+05
    0.49275E-01    0.11285E+05
    0.50270E-01    0.11089E+05
    0.51286E-01    0.10904E+05
    0.52322E-01    0.10727E+05
    0.53379E-01    0.10559E+05
    0.54457E-01    0.10397E+05
    0.55557E-01    0.10242E+05
    0.56680E-01    0.10091E+05
    0.57825E-01    0.99428E+04
    0.58993E-01    0.97966E+04
    0.60184E-01    0.96503E+04
    0.61400E-01    0.95023E+04
    0.62641E-01    0.93508E+04
    0.63906E-01    0.91945E+04
    0.65197E-01    0.90319E+04
    0.66514E-01    0.88620E+04
    0.67858E-01    0.86836E+04
    0.69229E-01    0.84957E+04
    0.70627E-01    0.82977E+04
    0.72054E-01    0.80893E+04
    0.73510E-01    0.78707E+04
    0.74994E-01    0.76422E+04
    0.76509E-01    0.74048E+04
    0.78055E-01    0.71601E+04
    0.79632E-01    0.69096E+04
    0.81241E-01    0.66555E+04
    0.82882E-01    0.64001E+04
    0.84556E-01    0.61457E+04
    0.86264E-01    0.58950E+04
    0.88007E-01    0.56504E+04
    0.89785E-01    0.54147E+04
    0.91598E-01    0.51904E+04
    0.93449E-01    0.49796E+04
    0.95337E-01    0.47841E+04
    0.97263E-01    0.46054E+04
    0.99227E-01    0.44446E+04
    0.10123E+00    0.43013E+04
    0.10328E+00    0.41755E+04
    0.10536E+00    0.40657E+04
    0.10749E+00    0.39704E+04
    0.10966E+00    0.38872E+04
    0.11188E+00    0.38134E+04
    0.11414E+00    0.37461E+04
    0.11644E+00    0.36819E+04
    0.11880E+00    0.36177E+04
    0.12120E+00    0.35503E+04
    0.12365E+00    0.34765E+04
    0.12614E+00    0.33942E+04
    0.12869E+00    0.33018E+04
    0.13129E+00    0.31991E+04
    0.13394E+00    0.30868E+04
    0.13665E+00    0.29663E+04
    0.13941E+00    0.28394E+04
    0.14223E+00    0.27088E+04
    0.14510E+00    0.25778E+04
    0.14803E+00    0.24502E+04
    0.15102E+00    0.23298E+04
    0.15407E+00    0.22196E+04
    0.15718E+00    0.21221E+04
    0.16036E+00    0.20385E+04
    0.16360E+00    0.19684E+04
    0.16690E+00    0.19104E+04
    0.17028E+00    0.18619E+04
    0.17371E+00    0.18202E+04
    0.17722E+00    0.17819E+04
    0.18080E+00    0.17442E+04
    0.18446E+00    0.17034E+04
    0.18818E+00    0.16567E+04
    0.19198E+00    0.16027E+04
    0.19586E+00    0.15413E+04
    0.19982E+00    0.14742E+04
    0.20386E+00    0.14041E+04
    0.20797E+00    0.13343E+04
    0.21218E+00    0.12676E+04
    0.21646E+00    0.12067E+04
    0.22083E+00    0.11536E+04
    0.22530E+00    0.11090E+04
    0.22985E+00    0.10722E+04
    0.23449E+00    0.10412E+04
    0.23923E+00    0.10134E+04
    0.24406E+00    0.98608E+03
    0.24899E+00    0.95667E+03
    0.25402E+00    0.92367E+03
    0.25915E+00    0.88683E+03
    0.26439E+00    0.84725E+03
    0.26973E+00    0.80711E+03
    0.27518E+00    0.76841E+03
    0.28074E+00    0.73304E+03
    0.28641E+00    0.70217E+03
    0.29219E+00    0.67587E+03
    0.29810E+00    0.65303E+03
    0.30412E+00    0.63191E+03
    0.31026E+00    0.61078E+03
    0.31653E+00    0.58853E+03
    0.32292E+00    0.56460E+03
    0.32945E+00    0.53969E+03
    0.33610E+00    0.51505E+03
    0.34289E+00    0.49190E+03
    0.34982E+00    0.47097E+03
    0.35689E+00    0.45238E+03
    0.36409E+00    0.43556E+03
    0.37145E+00    0.41950E+03
    0.37895E+00    0.40334E+03
    0.38661E+00    0.38677E+03
    0.39442E+00    0.37001E+03
    0.40239E+00    0.35368E+03
    0.41052E+00    0.33834E+03
    0.41881E+00    0.32424E+03
    0.42727E+00    0.31124E+03
    0.43590E+00    0.29886E+03
    0.44471E+00    0.28670E+03
    0.45369E+00    0.27460E+03
    0.46286E+00    0.26271E+03
    0.47221E+00    0.25132E+03
    0.48174E+00    0.24062E+03
    0.49148E+00    0.23056E+03
    0.50141E+00    0.22098E+03
    0.51153E+00    0.21166E+03
    0.52187E+00    0.20257E+03
    0.53241E+00    0.19379E+03
    0.54317E+00    0.18543E+03
    0.55414E+00    0.17747E+03
    0.56533E+00    0.16985E+03
    0.57675E+00    0.16253E+03
    0.58840E+00    0.15550E+03
    0.60029E+00    0.14877E+03
    0.61242E+00    0.14231E+03
    0.62479E+00    0.13612E+03
    0.63741E+00    0.13018E+03
    0.65029E+00    0.12449E+03
    0.66342E+00    0.11904E+03
    0.67683E+00    0.11382E+03
    0.69050E+00    0.10881E+03
    0.70445E+00    0.10402E+03
    0.71868E+00    0.99427E+02
    0.73320E+00    0.95029E+02
    0.74801E+00    0.90817E+02
    0.76312E+00    0.86785E+02
    0.77854E+00    0.82924E+02
    0.79426E+00    0.79228E+02
    0.81031E+00    0.75690E+02
    0.82668E+00    0.72304E+02
    0.84338E+00    0.69064E+02
    0.86041E+00    0.65963E+02
    0.87780E+00    0.62995E+02
    0.89553E+00    0.60157E+02
    0.91362E+00    0.57441E+02
    0.93208E+00    0.54843E+02
    0.95091E+00    0.52359E+02
    0.97011E+00    0.49983E+02
    0.98971E+00    0.47711E+02
    0.10097E+01    0.45539E+02
    0.10301E+01    0.43463E+02
    0.10509E+01    0.41478E+02
    0.10721E+01    0.39581E+02
    0.10938E+01    0.37769E+02
    0.11159E+01    0.36037E+02
    0.11384E+01    0.34382E+02
    0.11614E+01    0.32801E+02
    0.11849E+01    0.31290E+02
    0.12088E+01    0.29847E+02
    0.12333E+01    0.28468E+02
    0.12582E+01    0.27152E+02
    0.12836E+01    0.25894E+02
    0.13095E+01    0.24692E+02
    0.13360E+01    0.23545E+02
    0.13630E+01    0.22449E+02
    0.13905E+01    0.21403E+02
    0.14186E+01    0.20404E+02
    0.14472E+01    0.19450E+02
    0.14765E+01    0.18540E+02
    0.15063E+01    0.17671E+02
    0.15367E+01    0.16842E+02
    0.15678E+01    0.16050E+02
    0.15994E+01    0.15295E+02
    0.16318E+01    0.14574E+02
    0.16647E+01    0.13887E+02
    0.16984E+01    0.13231E+02
    0.17327E+01    0.12605E+02
    0.17677E+01    0.12008E+02
    0.18034E+01    0.11439E+02
    0.18398E+01    0.10896E+02
    0.18770E+01    0.10379E+02
    0.19149E+01    0.98849E+01
    0.19536E+01    0.94141E+01
    0.19930E+01    0.89652E+01
    0.20333E+01    0.85372E+01
    0.20744E+01    0.81292E+01
    0.21163E+01    0.77402E+01
    0.21590E+01    0.73694E+01
    0.22026E+01    0.70159E+01
    0.22471E+01    0.66790E+01
    0.22925E+01    0.63580E+01
    0.23388E+01    0.60520E+01
    0.23861E+01    0.57605E+01
    0.24343E+01    0.54826E+01
    0.24835E+01    0.52179E+01
    0.25336E+01    0.49657E+01
    0.25848E+01    0.47255E+01
    0.26370E+01    0.44966E+01
    0.26903E+01    0.42786E+01
    0.27447E+01    0.40709E+01
    0.28001E+01    0.38732E+01
    0.28567E+01    0.36848E+01
    0.29144E+01    0.35055E+01
    0.29733E+01    0.33347E+01
    0.30333E+01    0.31721E+01
    0.30946E+01    0.30172E+01
    0.31571E+01    0.28698E+01
    0.32209E+01    0.27295E+01
    0.32860E+01    0.25959E+01
    0.33523E+01    0.24687E+01
    0.34201E+01    0.23476E+01
    0.34892E+01    0.22324E+01
    0.35596E+01    0.21227E+01
    0.36316E+01    0.20183E+01
    0.37049E+01    0.19190E+01
    0.37798E+01    0.18244E+01
    0.38561E+01    0.17345E+01
    0.39340E+01    0.16489E+01
    0.40135E+01    0.15674E+01
    0.40946E+01    0.14899E+01
    0.41773E+01    0.14162E+01
    0.42617E+01    0.13461E+01
    0.43478E+01    0.12794E+01
    0.44356E+01    0.12159E+01
    0.45252E+01    0.11555E+01
    0.46166E+01    0.10981E+01
    0.47099E+01    0.10435E+01
    0.48050E+01    0.99161E+00
    0.49021E+01    0.94223E+00
    0.50011E+01    0.89527E+00
    0.51021E+01    0.85062E+00
    0.52052E+01    0.80816E+00
    0.53104E+01    0.76780E+00
    0.54176E+01    0.72942E+00
    0.55271E+01    0.69293E+00
    0.56387E+01    0.65824E+00
    0.57526E+01    0.62526E+00
    0.58689E+01    0.59392E+00
    0.59874E+01    0.56412E+00
    0.61084E+01    0.53579E+00
    0.62318E+01    0.50887E+00
    0.63577E+01    0.48329E+00
    0.64861E+01    0.45897E+00
    0.66171E+01    0.43586E+00
    0.67508E+01    0.41390E+00
    0.68872E+01    0.39302E+00
    0.70263E+01    0.37319E+00
    0.71682E+01    0.35435E+00
    0.73130E+01    0.33644E+00
    0.74608E+01    0.31943E+00
    0.76115E+01    0.30327E+00
    0.77653E+01    0.28792E+00
    0.79221E+01    0.27334E+00
    0.80822E+01    0.25948E+00
    0.82454E+01    0.24632E+00
    0.84120E+01    0.23382E+00
    0.85819E+01    0.22195E+00
    0.87553E+01    0.21067E+00
    0.89322E+01    0.19996E+00
    0.91126E+01    0.18979E+00
    0.92967E+01    0.18012E+00
    0.94845E+01    0.17094E+00
    0.96761E+01    0.16222E+00
    0.98716E+01    0.15394E+00
    0.10071E+02    0.14608E+00
    0.10274E+02    0.13861E+00
    0.10482E+02    0.13152E+00
    0.10694E+02    0.12478E+00
    0.10910E+02    0.11839E+00
    0.11130E+02    0.11232E+00
    0.11355E+02    0.10657E+00
    0.11584E+02    0.10110E+00
    0.11818E+02    0.95916E-01
