#           k/h    P           
    0.10000E-03    0.54046E+03
    0.10202E-03    0.55103E+03
    0.10408E-03    0.56181E+03
    0.10618E-03    0.57280E+03
    0.10833E-03    0.58400E+03
    0.11052E-03    0.59542E+03
    0.11275E-03    0.60707E+03
    0.11503E-03    0.61894E+03
    0.11735E-03    0.63104E+03
    0.11972E-03    0.64338E+03
    0.12214E-03    0.65596E+03
    0.12461E-03    0.66879E+03
    0.12712E-03    0.68186E+03
    0.12969E-03    0.69519E+03
    0.13231E-03    0.70878E+03
    0.13499E-03    0.72264E+03
    0.13771E-03    0.73677E+03
    0.14049E-03    0.75117E+03
    0.14333E-03    0.76586E+03
    0.14623E-03    0.78083E+03
    0.14918E-03    0.79609E+03
    0.15220E-03    0.81165E+03
    0.15527E-03    0.82751E+03
    0.15841E-03    0.84368E+03
    0.16161E-03    0.86017E+03
    0.16487E-03    0.87698E+03
    0.16820E-03    0.89412E+03
    0.17160E-03    0.91159E+03
    0.17507E-03    0.92940E+03
    0.17860E-03    0.94755E+03
    0.18221E-03    0.96607E+03
    0.18589E-03    0.98494E+03
    0.18965E-03    0.10042E+04
    0.19348E-03    0.10238E+04
    0.19739E-03    0.10438E+04
    0.20138E-03    0.10642E+04
    0.20544E-03    0.10849E+04
    0.20959E-03    0.11061E+04
    0.21383E-03    0.11277E+04
    0.21815E-03    0.11498E+04
    0.22255E-03    0.11722E+04
    0.22705E-03    0.11951E+04
    0.23164E-03    0.12184E+04
    0.23632E-03    0.12422E+04
    0.24109E-03    0.12665E+04
    0.24596E-03    0.12912E+04
    0.25093E-03    0.13164E+04
    0.25600E-03    0.13420E+04
    0.26117E-03    0.13682E+04
    0.26645E-03    0.13948E+04
    0.27183E-03    0.14220E+04
    0.27732E-03    0.14497E+04
    0.28292E-03    0.14779E+04
    0.28864E-03    0.15067E+04
    0.29447E-03    0.15361E+04
    0.30042E-03    0.15660E+04
    0.30649E-03    0.15965E+04
    0.31268E-03    0.16276E+04
    0.31899E-03    0.16593E+04
    0.32544E-03    0.16916E+04
    0.33201E-03    0.17245E+04
    0.33872E-03    0.17581E+04
    0.34556E-03    0.17923E+04
    0.35254E-03    0.18272E+04
    0.35966E-03    0.18627E+04
    0.36693E-03    0.18989E+04
    0.37434E-03    0.19358E+04
    0.38190E-03    0.19734E+04
    0.38962E-03    0.20117E+04
    0.39749E-03    0.20508E+04
    0.40552E-03    0.20906E+04
    0.41371E-03    0.21312E+04
    0.42207E-03    0.21726E+04
    0.43060E-03    0.22147E+04
    0.43929E-03    0.22576E+04
    0.44817E-03    0.23014E+04
    0.45722E-03    0.23460E+04
    0.46646E-03    0.23914E+04
    0.47588E-03    0.24377E+04
    0.48550E-03    0.24849E+04
    0.49530E-03    0.25329E+04
    0.50531E-03    0.25819E+04
    0.51552E-03    0.26318E+04
    0.52593E-03    0.26827E+04
    0.53656E-03    0.27345E+04
    0.54739E-03    0.27873E+04
    0.55845E-03    0.28411E+04
    0.56973E-03    0.28959E+04
    0.58124E-03    0.29517E+04
    0.59299E-03    0.30086E+04
    0.60496E-03    0.30665E+04
    0.61719E-03    0.31255E+04
    0.62965E-03    0.31856E+04
    0.64237E-03    0.32468E+04
    0.65535E-03    0.33092E+04
    0.66859E-03    0.33727E+04
    0.68210E-03    0.34374E+04
    0.69588E-03    0.35033E+04
    0.70993E-03    0.35704E+04
    0.72427E-03    0.36387E+04
    0.73891E-03    0.37083E+04
    0.75383E-03    0.37791E+04
    0.76906E-03    0.38513E+04
    0.78460E-03    0.39248E+04
    0.80045E-03    0.39997E+04
    0.81662E-03    0.40759E+04
    0.83311E-03    0.41535E+04
    0.84994E-03    0.42325E+04
    0.86711E-03    0.43129E+04
    0.88463E-03    0.43948E+04
    0.90250E-03    0.44781E+04
    0.92073E-03    0.45629E+04
    0.93933E-03    0.46493E+04
    0.95831E-03    0.47371E+04
    0.97767E-03    0.48266E+04
    0.99742E-03    0.49176E+04
    0.10176E-02    0.50102E+04
    0.10381E-02    0.51044E+04
    0.10591E-02    0.52003E+04
    0.10805E-02    0.52979E+04
    0.11023E-02    0.53972E+04
    0.11246E-02    0.54982E+04
    0.11473E-02    0.56010E+04
    0.11705E-02    0.57056E+04
    0.11941E-02    0.58119E+04
    0.12182E-02    0.59201E+04
    0.12429E-02    0.60302E+04
    0.12680E-02    0.61420E+04
    0.12936E-02    0.62558E+04
    0.13197E-02    0.63715E+04
    0.13464E-02    0.64891E+04
    0.13736E-02    0.66087E+04
    0.14013E-02    0.67302E+04
    0.14296E-02    0.68538E+04
    0.14585E-02    0.69793E+04
    0.14880E-02    0.71069E+04
    0.15180E-02    0.72366E+04
    0.15487E-02    0.73684E+04
    0.15800E-02    0.75023E+04
    0.16119E-02    0.76383E+04
    0.16445E-02    0.77765E+04
    0.16777E-02    0.79168E+04
    0.17116E-02    0.80594E+04
    0.17462E-02    0.82042E+04
    0.17814E-02    0.83512E+04
    0.18174E-02    0.85004E+04
    0.18541E-02    0.86519E+04
    0.18916E-02    0.88057E+04
    0.19298E-02    0.89617E+04
    0.19688E-02    0.91201E+04
    0.20086E-02    0.92808E+04
    0.20491E-02    0.94438E+04
    0.20905E-02    0.96092E+04
    0.21328E-02    0.97769E+04
    0.21758E-02    0.99470E+04
    0.22198E-02    0.10119E+05
    0.22646E-02    0.10294E+05
    0.23104E-02    0.10471E+05
    0.23571E-02    0.10651E+05
    0.24047E-02    0.10833E+05
    0.24533E-02    0.11017E+05
    0.25028E-02    0.11204E+05
    0.25534E-02    0.11393E+05
    0.26050E-02    0.11585E+05
    0.26576E-02    0.11779E+05
    0.27113E-02    0.11975E+05
    0.27660E-02    0.12174E+05
    0.28219E-02    0.12375E+05
    0.28789E-02    0.12579E+05
    0.29371E-02    0.12784E+05
    0.29964E-02    0.12992E+05
    0.30569E-02    0.13203E+05
    0.31187E-02    0.13416E+05
    0.31817E-02    0.13631E+05
    0.32460E-02    0.13848E+05
    0.33115E-02    0.14067E+05
    0.33784E-02    0.14289E+05
    0.34467E-02    0.14513E+05
    0.35163E-02    0.14739E+05
    0.35874E-02    0.14967E+05
    0.36598E-02    0.15197E+05
    0.37338E-02    0.15429E+05
    0.38092E-02    0.15663E+05
    0.38861E-02    0.15899E+05
    0.39646E-02    0.16137E+05
    0.40447E-02    0.16377E+05
    0.41264E-02    0.16619E+05
    0.42098E-02    0.16863E+05
    0.42948E-02    0.17108E+05
    0.43816E-02    0.17354E+05
    0.44701E-02    0.17602E+05
    0.45604E-02    0.17852E+05
    0.46525E-02    0.18103E+05
    0.47465E-02    0.18355E+05
    0.48424E-02    0.18608E+05
    0.49402E-02    0.18862E+05
    0.50400E-02    0.19117E+05
    0.51419E-02    0.19374E+05
    0.52457E-02    0.19631E+05
    0.53517E-02    0.19888E+05
    0.54598E-02    0.20147E+05
    0.55701E-02    0.20405E+05
    0.56826E-02    0.20665E+05
    0.57974E-02    0.20924E+05
    0.59145E-02    0.21184E+05
    0.60340E-02    0.21444E+05
    0.61559E-02    0.21703E+05
    0.62803E-02    0.21962E+05
    0.64072E-02    0.22221E+05
    0.65366E-02    0.22479E+05
    0.66686E-02    0.22736E+05
    0.68033E-02    0.22993E+05
    0.69408E-02    0.23248E+05
    0.70810E-02    0.23502E+05
    0.72240E-02    0.23754E+05
    0.73700E-02    0.24006E+05
    0.75189E-02    0.24255E+05
    0.76708E-02    0.24502E+05
    0.78257E-02    0.24747E+05
    0.79838E-02    0.24989E+05
    0.81451E-02    0.25229E+05
    0.83096E-02    0.25466E+05
    0.84775E-02    0.25700E+05
    0.86488E-02    0.25930E+05
    0.88235E-02    0.26157E+05
    0.90017E-02    0.26380E+05
    0.91836E-02    0.26599E+05
    0.93691E-02    0.26814E+05
    0.95583E-02    0.27024E+05
    0.97514E-02    0.27230E+05
    0.99484E-02    0.27430E+05
    0.10149E-01    0.27625E+05
    0.10354E-01    0.27814E+05
    0.10564E-01    0.27997E+05
    0.10777E-01    0.28173E+05
    0.10995E-01    0.28343E+05
    0.11217E-01    0.28507E+05
    0.11443E-01    0.28663E+05
    0.11675E-01    0.28811E+05
    0.11910E-01    0.28952E+05
    0.12151E-01    0.29085E+05
    0.12397E-01    0.29209E+05
    0.12647E-01    0.29325E+05
    0.12902E-01    0.29431E+05
    0.13163E-01    0.29528E+05
    0.13429E-01    0.29616E+05
    0.13700E-01    0.29693E+05
    0.13977E-01    0.29760E+05
    0.14259E-01    0.29816E+05
    0.14547E-01    0.29862E+05
    0.14841E-01    0.29896E+05
    0.15141E-01    0.29918E+05
    0.15447E-01    0.29928E+05
    0.15759E-01    0.29926E+05
    0.16077E-01    0.29912E+05
    0.16402E-01    0.29885E+05
    0.16734E-01    0.29845E+05
    0.17072E-01    0.29792E+05
    0.17416E-01    0.29726E+05
    0.17768E-01    0.29646E+05
    0.18127E-01    0.29552E+05
    0.18493E-01    0.29444E+05
    0.18867E-01    0.29322E+05
    0.19248E-01    0.29186E+05
    0.19637E-01    0.29036E+05
    0.20034E-01    0.28871E+05
    0.20438E-01    0.28692E+05
    0.20851E-01    0.28499E+05
    0.21272E-01    0.28292E+05
    0.21702E-01    0.28070E+05
    0.22141E-01    0.27835E+05
    0.22588E-01    0.27586E+05
    0.23044E-01    0.27323E+05
    0.23510E-01    0.27047E+05
    0.23985E-01    0.26759E+05
    0.24469E-01    0.26457E+05
    0.24964E-01    0.26144E+05
    0.25468E-01    0.25819E+05
    0.25982E-01    0.25483E+05
    0.26507E-01    0.25137E+05
    0.27043E-01    0.24781E+05
    0.27589E-01    0.24416E+05
    0.28146E-01    0.24043E+05
    0.28715E-01    0.23662E+05
    0.29295E-01    0.23275E+05
    0.29887E-01    0.22882E+05
    0.30490E-01    0.22485E+05
    0.31106E-01    0.22084E+05
    0.31735E-01    0.21680E+05
    0.32376E-01    0.21275E+05
    0.33030E-01    0.20869E+05
    0.33697E-01    0.20463E+05
    0.34378E-01    0.20059E+05
    0.35072E-01    0.19658E+05
    0.35781E-01    0.19260E+05
    0.36504E-01    0.18867E+05
    0.37241E-01    0.18481E+05
    0.37993E-01    0.18101E+05
    0.38761E-01    0.17730E+05
    0.39544E-01    0.17368E+05
    0.40343E-01    0.17015E+05
    0.41158E-01    0.16671E+05
    0.41989E-01    0.16338E+05
    0.42838E-01    0.16015E+05
    0.43703E-01    0.15704E+05
    0.44586E-01    0.15405E+05
    0.45486E-01    0.15121E+05
    0.46405E-01    0.14851E+05
    0.47343E-01    0.14596E+05
    0.48299E-01    0.14355E+05
    0.49275E-01    0.14126E+05
    0.50270E-01    0.13908E+05
    0.51286E-01    0.13700E+05
    0.52322E-01    0.13502E+05
    0.53379E-01    0.13312E+05
    0.54457E-01    0.13130E+05
    0.55557E-01    0.12955E+05
    0.56680E-01    0.12785E+05
    0.57825E-01    0.12619E+05
    0.58993E-01    0.12454E+05
    0.60184E-01    0.12288E+05
    0.61400E-01    0.12119E+05
    0.62641E-01    0.11946E+05
    0.63906E-01    0.11768E+05
    0.65197E-01    0.11582E+05
    0.66514E-01    0.11387E+05
    0.67858E-01    0.11181E+05
    0.69229E-01    0.10963E+05
    0.70627E-01    0.10733E+05
    0.72054E-01    0.10489E+05
    0.73510E-01    0.10231E+05
    0.74994E-01    0.99616E+04
    0.76509E-01    0.96800E+04
    0.78055E-01    0.93881E+04
    0.79632E-01    0.90882E+04
    0.81241E-01    0.87824E+04
    0.82882E-01    0.84735E+04
    0.84556E-01    0.81643E+04
    0.86264E-01    0.78580E+04
    0.88007E-01    0.75576E+04
    0.89785E-01    0.72662E+04
    0.91598E-01    0.69870E+04
    0.93449E-01    0.67229E+04
    0.95337E-01    0.64763E+04
    0.97263E-01    0.62492E+04
    0.99227E-01    0.60432E+04
    0.10123E+00    0.58588E+04
    0.10328E+00    0.56956E+04
    0.10536E+00    0.55527E+04
    0.10749E+00    0.54280E+04
    0.10966E+00    0.53188E+04
    0.11188E+00    0.52220E+04
    0.11414E+00    0.51338E+04
    0.11644E+00    0.50506E+04
    0.11880E+00    0.49681E+04
    0.12120E+00    0.48823E+04
    0.12365E+00    0.47895E+04
    0.12614E+00    0.46863E+04
    0.12869E+00    0.45705E+04
    0.13129E+00    0.44411E+04
    0.13394E+00    0.42984E+04
    0.13665E+00    0.41442E+04
    0.13941E+00    0.39813E+04
    0.14223E+00    0.38129E+04
    0.14510E+00    0.36432E+04
    0.14803E+00    0.34763E+04
    0.15102E+00    0.33170E+04
    0.15407E+00    0.31693E+04
    0.15718E+00    0.30369E+04
    0.16036E+00    0.29218E+04
    0.16360E+00    0.28246E+04
    0.16690E+00    0.27436E+04
    0.17028E+00    0.26758E+04
    0.17371E+00    0.26174E+04
    0.17722E+00    0.25644E+04
    0.18080E+00    0.25126E+04
    0.18446E+00    0.24579E+04
    0.18818E+00    0.23964E+04
    0.19198E+00    0.23255E+04
    0.19586E+00    0.22448E+04
    0.19982E+00    0.21558E+04
    0.20386E+00    0.20619E+04
    0.20797E+00    0.19674E+04
    0.21218E+00    0.18762E+04
    0.21646E+00    0.17920E+04
    0.22083E+00    0.17171E+04
    0.22530E+00    0.16531E+04
    0.22985E+00    0.15996E+04
    0.23449E+00    0.15545E+04
    0.23923E+00    0.15144E+04
    0.24406E+00    0.14759E+04
    0.24899E+00    0.14351E+04
    0.25402E+00    0.13899E+04
    0.25915E+00    0.13396E+04
    0.26439E+00    0.12854E+04
    0.26973E+00    0.12296E+04
    0.27518E+00    0.11752E+04
    0.28074E+00    0.11246E+04
    0.28641E+00    0.10797E+04
    0.29219E+00    0.10409E+04
    0.29810E+00    0.10070E+04
    0.30412E+00    0.97608E+03
    0.31026E+00    0.94565E+03
    0.31653E+00    0.91391E+03
    0.32292E+00    0.88014E+03
    0.32945E+00    0.84479E+03
    0.33610E+00    0.80929E+03
    0.34289E+00    0.77545E+03
    0.34982E+00    0.74451E+03
    0.35689E+00    0.71667E+03
    0.36409E+00    0.69140E+03
    0.37145E+00    0.66756E+03
    0.37895E+00    0.64383E+03
    0.38661E+00    0.61955E+03
    0.39442E+00    0.59495E+03
    0.40239E+00    0.57072E+03
    0.41052E+00    0.54768E+03
    0.41881E+00    0.52633E+03
    0.42727E+00    0.50652E+03
    0.43590E+00    0.48773E+03
    0.44471E+00    0.46937E+03
    0.45369E+00    0.45111E+03
    0.46286E+00    0.43310E+03
    0.47221E+00    0.41567E+03
    0.48174E+00    0.39919E+03
    0.49148E+00    0.38364E+03
    0.50141E+00    0.36880E+03
    0.51153E+00    0.35442E+03
    0.52187E+00    0.34033E+03
    0.53241E+00    0.32667E+03
    0.54317E+00    0.31355E+03
    0.55414E+00    0.30107E+03
    0.56533E+00    0.28909E+03
    0.57675E+00    0.27753E+03
    0.58840E+00    0.26638E+03
    0.60029E+00    0.25564E+03
    0.61242E+00    0.24531E+03
    0.62479E+00    0.23539E+03
    0.63741E+00    0.22584E+03
    0.65029E+00    0.21667E+03
    0.66342E+00    0.20785E+03
    0.67683E+00    0.19938E+03
    0.69050E+00    0.19123E+03
    0.70445E+00    0.18340E+03
    0.71868E+00    0.17587E+03
    0.73320E+00    0.16863E+03
    0.74801E+00    0.16168E+03
    0.76312E+00    0.15500E+03
    0.77854E+00    0.14857E+03
    0.79426E+00    0.14240E+03
    0.81031E+00    0.13647E+03
    0.82668E+00    0.13078E+03
    0.84338E+00    0.12531E+03
    0.86041E+00    0.12006E+03
    0.87780E+00    0.11502E+03
    0.89553E+00    0.11018E+03
    0.91362E+00    0.10553E+03
    0.93208E+00    0.10107E+03
    0.95091E+00    0.96797E+02
    0.97011E+00    0.92692E+02
    0.98971E+00    0.88753E+02
    0.10097E+01    0.84974E+02
    0.10301E+01    0.81350E+02
    0.10509E+01    0.77873E+02
    0.10721E+01    0.74538E+02
    0.10938E+01    0.71340E+02
    0.11159E+01    0.68273E+02
    0.11384E+01    0.65332E+02
    0.11614E+01    0.62513E+02
    0.11849E+01    0.59810E+02
    0.12088E+01    0.57219E+02
    0.12333E+01    0.54737E+02
    0.12582E+01    0.52357E+02
    0.12836E+01    0.50077E+02
    0.13095E+01    0.47893E+02
    0.13360E+01    0.45800E+02
    0.13630E+01    0.43796E+02
    0.13905E+01    0.41876E+02
    0.14186E+01    0.40037E+02
    0.14472E+01    0.38276E+02
    0.14765E+01    0.36590E+02
    0.15063E+01    0.34975E+02
    0.15367E+01    0.33429E+02
    0.15678E+01    0.31949E+02
    0.15994E+01    0.30532E+02
    0.16318E+01    0.29176E+02
    0.16647E+01    0.27878E+02
    0.16984E+01    0.26635E+02
    0.17327E+01    0.25446E+02
    0.17677E+01    0.24308E+02
    0.18034E+01    0.23219E+02
    0.18398E+01    0.22178E+02
    0.18770E+01    0.21181E+02
    0.19149E+01    0.20228E+02
    0.19536E+01    0.19317E+02
    0.19930E+01    0.18445E+02
    0.20333E+01    0.17612E+02
    0.20744E+01    0.16815E+02
    0.21163E+01    0.16054E+02
    0.21590E+01    0.15325E+02
    0.22026E+01    0.14629E+02
    0.22471E+01    0.13964E+02
    0.22925E+01    0.13328E+02
    0.23388E+01    0.12720E+02
    0.23861E+01    0.12140E+02
    0.24343E+01    0.11585E+02
    0.24835E+01    0.11054E+02
    0.25336E+01    0.10548E+02
    0.25848E+01    0.10064E+02
    0.26370E+01    0.96010E+01
    0.26903E+01    0.91592E+01
    0.27447E+01    0.87372E+01
    0.28001E+01    0.83342E+01
    0.28567E+01    0.79493E+01
    0.29144E+01    0.75817E+01
    0.29733E+01    0.72307E+01
    0.30333E+01    0.68955E+01
    0.30946E+01    0.65755E+01
    0.31571E+01    0.62700E+01
    0.32209E+01    0.59784E+01
    0.32860E+01    0.57000E+01
    0.33523E+01    0.54343E+01
    0.34201E+01    0.51807E+01
    0.34892E+01    0.49387E+01
    0.35596E+01    0.47077E+01
    0.36316E+01    0.44873E+01
    0.37049E+01    0.42770E+01
    0.37798E+01    0.40763E+01
    0.38561E+01    0.38849E+01
    0.39340E+01    0.37023E+01
    0.40135E+01    0.35281E+01
    0.40946E+01    0.33619E+01
    0.41773E+01    0.32034E+01
    0.42617E+01    0.30522E+01
    0.43478E+01    0.29080E+01
    0.44356E+01    0.27705E+01
    0.45252E+01    0.26394E+01
    0.46166E+01    0.25143E+01
    0.47099E+01    0.23951E+01
    0.48050E+01    0.22815E+01
    0.49021E+01    0.21731E+01
    0.50011E+01    0.20698E+01
    0.51021E+01    0.19713E+01
    0.52052E+01    0.18774E+01
    0.53104E+01    0.17879E+01
    0.54176E+01    0.17026E+01
    0.55271E+01    0.16213E+01
    0.56387E+01    0.15438E+01
    0.57526E+01    0.14699E+01
    0.58689E+01    0.13995E+01
    0.59874E+01    0.13324E+01
    0.61084E+01    0.12685E+01
    0.62318E+01    0.12076E+01
    0.63577E+01    0.11496E+01
    0.64861E+01    0.10943E+01
    0.66171E+01    0.10416E+01
    0.67508E+01    0.99145E+00
    0.68872E+01    0.94365E+00
    0.70263E+01    0.89812E+00
    0.71682E+01    0.85476E+00
    0.73130E+01    0.81346E+00
    0.74608E+01    0.77412E+00
    0.76115E+01    0.73666E+00
    0.77653E+01    0.70099E+00
    0.79221E+01    0.66702E+00
    0.80822E+01    0.63468E+00
    0.82454E+01    0.60388E+00
    0.84120E+01    0.57456E+00
    0.85819E+01    0.54665E+00
    0.87553E+01    0.52007E+00
    0.89322E+01    0.49476E+00
    0.91126E+01    0.47067E+00
    0.92967E+01    0.44774E+00
    0.94845E+01    0.42590E+00
    0.96761E+01    0.40512E+00
    0.98716E+01    0.38533E+00
    0.10071E+02    0.36649E+00
    0.10274E+02    0.34856E+00
    0.10482E+02    0.33149E+00
    0.10694E+02    0.31525E+00
    0.10910E+02    0.29980E+00
    0.11130E+02    0.28510E+00
    0.11355E+02    0.27111E+00
    0.11584E+02    0.25780E+00
    0.11818E+02    0.24515E+00
    0.12057E+02    0.23311E+00
