#           k/h    P           
    0.10000E-03    0.53920E+03
    0.10202E-03    0.54975E+03
    0.10408E-03    0.56050E+03
    0.10618E-03    0.57147E+03
    0.10833E-03    0.58265E+03
    0.11052E-03    0.59404E+03
    0.11275E-03    0.60566E+03
    0.11503E-03    0.61751E+03
    0.11735E-03    0.62958E+03
    0.11972E-03    0.64189E+03
    0.12214E-03    0.65443E+03
    0.12461E-03    0.66722E+03
    0.12712E-03    0.68026E+03
    0.12969E-03    0.69356E+03
    0.13231E-03    0.70711E+03
    0.13499E-03    0.72093E+03
    0.13771E-03    0.73503E+03
    0.14049E-03    0.74940E+03
    0.14333E-03    0.76405E+03
    0.14623E-03    0.77899E+03
    0.14918E-03    0.79421E+03
    0.15220E-03    0.80973E+03
    0.15527E-03    0.82556E+03
    0.15841E-03    0.84169E+03
    0.16161E-03    0.85814E+03
    0.16487E-03    0.87491E+03
    0.16820E-03    0.89201E+03
    0.17160E-03    0.90945E+03
    0.17507E-03    0.92722E+03
    0.17860E-03    0.94534E+03
    0.18221E-03    0.96381E+03
    0.18589E-03    0.98263E+03
    0.18965E-03    0.10018E+04
    0.19348E-03    0.10214E+04
    0.19739E-03    0.10413E+04
    0.20138E-03    0.10616E+04
    0.20544E-03    0.10824E+04
    0.20959E-03    0.11035E+04
    0.21383E-03    0.11251E+04
    0.21815E-03    0.11470E+04
    0.22255E-03    0.11694E+04
    0.22705E-03    0.11923E+04
    0.23164E-03    0.12155E+04
    0.23632E-03    0.12392E+04
    0.24109E-03    0.12634E+04
    0.24596E-03    0.12881E+04
    0.25093E-03    0.13132E+04
    0.25600E-03    0.13388E+04
    0.26117E-03    0.13649E+04
    0.26645E-03    0.13915E+04
    0.27183E-03    0.14187E+04
    0.27732E-03    0.14463E+04
    0.28292E-03    0.14745E+04
    0.28864E-03    0.15033E+04
    0.29447E-03    0.15325E+04
    0.30042E-03    0.15624E+04
    0.30649E-03    0.15928E+04
    0.31268E-03    0.16239E+04
    0.31899E-03    0.16555E+04
    0.32544E-03    0.16877E+04
    0.33201E-03    0.17206E+04
    0.33872E-03    0.17540E+04
    0.34556E-03    0.17882E+04
    0.35254E-03    0.18230E+04
    0.35966E-03    0.18584E+04
    0.36693E-03    0.18945E+04
    0.37434E-03    0.19314E+04
    0.38190E-03    0.19689E+04
    0.38962E-03    0.20072E+04
    0.39749E-03    0.20462E+04
    0.40552E-03    0.20859E+04
    0.41371E-03    0.21264E+04
    0.42207E-03    0.21677E+04
    0.43060E-03    0.22097E+04
    0.43929E-03    0.22526E+04
    0.44817E-03    0.22963E+04
    0.45722E-03    0.23408E+04
    0.46646E-03    0.23861E+04
    0.47588E-03    0.24323E+04
    0.48550E-03    0.24794E+04
    0.49530E-03    0.25274E+04
    0.50531E-03    0.25763E+04
    0.51552E-03    0.26261E+04
    0.52593E-03    0.26769E+04
    0.53656E-03    0.27286E+04
    0.54739E-03    0.27813E+04
    0.55845E-03    0.28350E+04
    0.56973E-03    0.28896E+04
    0.58124E-03    0.29454E+04
    0.59299E-03    0.30021E+04
    0.60496E-03    0.30600E+04
    0.61719E-03    0.31189E+04
    0.62965E-03    0.31789E+04
    0.64237E-03    0.32400E+04
    0.65535E-03    0.33023E+04
    0.66859E-03    0.33658E+04
    0.68210E-03    0.34304E+04
    0.69588E-03    0.34962E+04
    0.70993E-03    0.35632E+04
    0.72427E-03    0.36315E+04
    0.73891E-03    0.37010E+04
    0.75383E-03    0.37718E+04
    0.76906E-03    0.38439E+04
    0.78460E-03    0.39174E+04
    0.80045E-03    0.39921E+04
    0.81662E-03    0.40683E+04
    0.83311E-03    0.41458E+04
    0.84994E-03    0.42247E+04
    0.86711E-03    0.43051E+04
    0.88463E-03    0.43869E+04
    0.90250E-03    0.44703E+04
    0.92073E-03    0.45551E+04
    0.93933E-03    0.46414E+04
    0.95831E-03    0.47293E+04
    0.97767E-03    0.48187E+04
    0.99742E-03    0.49098E+04
    0.10176E-02    0.50024E+04
    0.10381E-02    0.50966E+04
    0.10591E-02    0.51925E+04
    0.10805E-02    0.52901E+04
    0.11023E-02    0.53894E+04
    0.11246E-02    0.54904E+04
    0.11473E-02    0.55931E+04
    0.11705E-02    0.56976E+04
    0.11941E-02    0.58040E+04
    0.12182E-02    0.59122E+04
    0.12429E-02    0.60222E+04
    0.12680E-02    0.61342E+04
    0.12936E-02    0.62481E+04
    0.13197E-02    0.63639E+04
    0.13464E-02    0.64818E+04
    0.13736E-02    0.66016E+04
    0.14013E-02    0.67234E+04
    0.14296E-02    0.68472E+04
    0.14585E-02    0.69730E+04
    0.14880E-02    0.71009E+04
    0.15180E-02    0.72309E+04
    0.15487E-02    0.73630E+04
    0.15800E-02    0.74972E+04
    0.16119E-02    0.76334E+04
    0.16445E-02    0.77719E+04
    0.16777E-02    0.79125E+04
    0.17116E-02    0.80552E+04
    0.17462E-02    0.82002E+04
    0.17814E-02    0.83475E+04
    0.18174E-02    0.84970E+04
    0.18541E-02    0.86489E+04
    0.18916E-02    0.88030E+04
    0.19298E-02    0.89595E+04
    0.19688E-02    0.91184E+04
    0.20086E-02    0.92796E+04
    0.20491E-02    0.94431E+04
    0.20905E-02    0.96090E+04
    0.21328E-02    0.97772E+04
    0.21758E-02    0.99477E+04
    0.22198E-02    0.10120E+05
    0.22646E-02    0.10296E+05
    0.23104E-02    0.10473E+05
    0.23571E-02    0.10653E+05
    0.24047E-02    0.10836E+05
    0.24533E-02    0.11020E+05
    0.25028E-02    0.11208E+05
    0.25534E-02    0.11397E+05
    0.26050E-02    0.11590E+05
    0.26576E-02    0.11784E+05
    0.27113E-02    0.11981E+05
    0.27660E-02    0.12180E+05
    0.28219E-02    0.12381E+05
    0.28789E-02    0.12584E+05
    0.29371E-02    0.12790E+05
    0.29964E-02    0.12998E+05
    0.30569E-02    0.13209E+05
    0.31187E-02    0.13421E+05
    0.31817E-02    0.13636E+05
    0.32460E-02    0.13853E+05
    0.33115E-02    0.14072E+05
    0.33784E-02    0.14293E+05
    0.34467E-02    0.14516E+05
    0.35163E-02    0.14741E+05
    0.35874E-02    0.14967E+05
    0.36598E-02    0.15196E+05
    0.37338E-02    0.15427E+05
    0.38092E-02    0.15659E+05
    0.38861E-02    0.15892E+05
    0.39646E-02    0.16127E+05
    0.40447E-02    0.16363E+05
    0.41264E-02    0.16601E+05
    0.42098E-02    0.16840E+05
    0.42948E-02    0.17082E+05
    0.43816E-02    0.17325E+05
    0.44701E-02    0.17570E+05
    0.45604E-02    0.17814E+05
    0.46525E-02    0.18058E+05
    0.47465E-02    0.18298E+05
    0.48424E-02    0.18536E+05
    0.49402E-02    0.18771E+05
    0.50400E-02    0.19006E+05
    0.51419E-02    0.19241E+05
    0.52457E-02    0.19479E+05
    0.53517E-02    0.19720E+05
    0.54598E-02    0.19964E+05
    0.55701E-02    0.20209E+05
    0.56826E-02    0.20455E+05
    0.57974E-02    0.20699E+05
    0.59145E-02    0.20942E+05
    0.60340E-02    0.21182E+05
    0.61559E-02    0.21421E+05
    0.62803E-02    0.21658E+05
    0.64072E-02    0.21894E+05
    0.65366E-02    0.22128E+05
    0.66686E-02    0.22360E+05
    0.68033E-02    0.22590E+05
    0.69408E-02    0.22817E+05
    0.70810E-02    0.23042E+05
    0.72240E-02    0.23264E+05
    0.73700E-02    0.23483E+05
    0.75189E-02    0.23699E+05
    0.76708E-02    0.23911E+05
    0.78257E-02    0.24118E+05
    0.79838E-02    0.24322E+05
    0.81451E-02    0.24522E+05
    0.83096E-02    0.24717E+05
    0.84775E-02    0.24908E+05
    0.86488E-02    0.25096E+05
    0.88235E-02    0.25279E+05
    0.90017E-02    0.25458E+05
    0.91836E-02    0.25630E+05
    0.93691E-02    0.25797E+05
    0.95583E-02    0.25958E+05
    0.97514E-02    0.26111E+05
    0.99484E-02    0.26256E+05
    0.10149E-01    0.26395E+05
    0.10354E-01    0.26527E+05
    0.10564E-01    0.26651E+05
    0.10777E-01    0.26769E+05
    0.10995E-01    0.26878E+05
    0.11217E-01    0.26980E+05
    0.11443E-01    0.27073E+05
    0.11675E-01    0.27157E+05
    0.11910E-01    0.27232E+05
    0.12151E-01    0.27297E+05
    0.12397E-01    0.27354E+05
    0.12647E-01    0.27401E+05
    0.12902E-01    0.27438E+05
    0.13163E-01    0.27466E+05
    0.13429E-01    0.27485E+05
    0.13700E-01    0.27493E+05
    0.13977E-01    0.27490E+05
    0.14259E-01    0.27477E+05
    0.14547E-01    0.27453E+05
    0.14841E-01    0.27418E+05
    0.15141E-01    0.27371E+05
    0.15447E-01    0.27313E+05
    0.15759E-01    0.27243E+05
    0.16077E-01    0.27162E+05
    0.16402E-01    0.27068E+05
    0.16734E-01    0.26963E+05
    0.17072E-01    0.26845E+05
    0.17416E-01    0.26715E+05
    0.17768E-01    0.26573E+05
    0.18127E-01    0.26418E+05
    0.18493E-01    0.26251E+05
    0.18867E-01    0.26072E+05
    0.19248E-01    0.25881E+05
    0.19637E-01    0.25677E+05
    0.20034E-01    0.25461E+05
    0.20438E-01    0.25233E+05
    0.20851E-01    0.24993E+05
    0.21272E-01    0.24742E+05
    0.21702E-01    0.24479E+05
    0.22141E-01    0.24205E+05
    0.22588E-01    0.23920E+05
    0.23044E-01    0.23625E+05
    0.23510E-01    0.23319E+05
    0.23985E-01    0.23003E+05
    0.24469E-01    0.22679E+05
    0.24964E-01    0.22345E+05
    0.25468E-01    0.22003E+05
    0.25982E-01    0.21653E+05
    0.26507E-01    0.21295E+05
    0.27043E-01    0.20931E+05
    0.27589E-01    0.20561E+05
    0.28146E-01    0.20186E+05
    0.28715E-01    0.19806E+05
    0.29295E-01    0.19422E+05
    0.29887E-01    0.19036E+05
    0.30490E-01    0.18647E+05
    0.31106E-01    0.18257E+05
    0.31735E-01    0.17867E+05
    0.32376E-01    0.17478E+05
    0.33030E-01    0.17090E+05
    0.33697E-01    0.16704E+05
    0.34378E-01    0.16322E+05
    0.35072E-01    0.15945E+05
    0.35781E-01    0.15572E+05
    0.36504E-01    0.15206E+05
    0.37241E-01    0.14847E+05
    0.37993E-01    0.14496E+05
    0.38761E-01    0.14154E+05
    0.39544E-01    0.13820E+05
    0.40343E-01    0.13496E+05
    0.41158E-01    0.13182E+05
    0.41989E-01    0.12878E+05
    0.42838E-01    0.12584E+05
    0.43703E-01    0.12301E+05
    0.44586E-01    0.12030E+05
    0.45486E-01    0.11772E+05
    0.46405E-01    0.11527E+05
    0.47343E-01    0.11295E+05
    0.48299E-01    0.11075E+05
    0.49275E-01    0.10866E+05
    0.50270E-01    0.10667E+05
    0.51286E-01    0.10476E+05
    0.52322E-01    0.10294E+05
    0.53379E-01    0.10119E+05
    0.54457E-01    0.99513E+04
    0.55557E-01    0.97895E+04
    0.56680E-01    0.96326E+04
    0.57825E-01    0.94792E+04
    0.58993E-01    0.93279E+04
    0.60184E-01    0.91774E+04
    0.61400E-01    0.90260E+04
    0.62641E-01    0.88721E+04
    0.63906E-01    0.87142E+04
    0.65197E-01    0.85519E+04
    0.66514E-01    0.83850E+04
    0.67858E-01    0.82132E+04
    0.69229E-01    0.80357E+04
    0.70627E-01    0.78511E+04
    0.72054E-01    0.76581E+04
    0.73510E-01    0.74566E+04
    0.74994E-01    0.72478E+04
    0.76509E-01    0.70328E+04
    0.78055E-01    0.68125E+04
    0.79632E-01    0.65883E+04
    0.81241E-01    0.63613E+04
    0.82882E-01    0.61335E+04
    0.84556E-01    0.59068E+04
    0.86264E-01    0.56832E+04
    0.88007E-01    0.54648E+04
    0.89785E-01    0.52536E+04
    0.91598E-01    0.50517E+04
    0.93449E-01    0.48609E+04
    0.95337E-01    0.46828E+04
    0.97263E-01    0.45185E+04
    0.99227E-01    0.43693E+04
    0.10123E+00    0.42352E+04
    0.10328E+00    0.41156E+04
    0.10536E+00    0.40097E+04
    0.10749E+00    0.39160E+04
    0.10966E+00    0.38326E+04
    0.11188E+00    0.37576E+04
    0.11414E+00    0.36884E+04
    0.11644E+00    0.36226E+04
    0.11880E+00    0.35576E+04
    0.12120E+00    0.34912E+04
    0.12365E+00    0.34212E+04
    0.12614E+00    0.33458E+04
    0.12869E+00    0.32639E+04
    0.13129E+00    0.31746E+04
    0.13394E+00    0.30781E+04
    0.13665E+00    0.29754E+04
    0.13941E+00    0.28681E+04
    0.14223E+00    0.27582E+04
    0.14510E+00    0.26478E+04
    0.14803E+00    0.25391E+04
    0.15102E+00    0.24352E+04
    0.15407E+00    0.23388E+04
    0.15718E+00    0.22518E+04
    0.16036E+00    0.21752E+04
    0.16360E+00    0.21095E+04
    0.16690E+00    0.20536E+04
    0.17028E+00    0.20059E+04
    0.17371E+00    0.19639E+04
    0.17722E+00    0.19255E+04
    0.18080E+00    0.18885E+04
    0.18446E+00    0.18505E+04
    0.18818E+00    0.18093E+04
    0.19198E+00    0.17635E+04
    0.19586E+00    0.17126E+04
    0.19982E+00    0.16572E+04
    0.20386E+00    0.15992E+04
    0.20797E+00    0.15407E+04
    0.21218E+00    0.14839E+04
    0.21646E+00    0.14308E+04
    0.22083E+00    0.13832E+04
    0.22530E+00    0.13417E+04
    0.22985E+00    0.13062E+04
    0.23449E+00    0.12756E+04
    0.23923E+00    0.12483E+04
    0.24406E+00    0.12223E+04
    0.24899E+00    0.11956E+04
    0.25402E+00    0.11671E+04
    0.25915E+00    0.11360E+04
    0.26439E+00    0.11028E+04
    0.26973E+00    0.10687E+04
    0.27518E+00    0.10351E+04
    0.28074E+00    0.10035E+04
    0.28641E+00    0.97501E+03
    0.29219E+00    0.94970E+03
    0.29810E+00    0.92729E+03
    0.30412E+00    0.90668E+03
    0.31026E+00    0.88668E+03
    0.31653E+00    0.86637E+03
    0.32292E+00    0.84516E+03
    0.32945E+00    0.82319E+03
    0.33610E+00    0.80108E+03
    0.34289E+00    0.77971E+03
    0.34982E+00    0.75977E+03
    0.35689E+00    0.74142E+03
    0.36409E+00    0.72454E+03
    0.37145E+00    0.70857E+03
    0.37895E+00    0.69290E+03
    0.38661E+00    0.67709E+03
    0.39442E+00    0.66116E+03
    0.40239E+00    0.64537E+03
    0.41052E+00    0.63012E+03
    0.41881E+00    0.61570E+03
    0.42727E+00    0.60211E+03
    0.43590E+00    0.58912E+03
    0.44471E+00    0.57646E+03
    0.45369E+00    0.56393E+03
    0.46286E+00    0.55155E+03
    0.47221E+00    0.53944E+03
    0.48174E+00    0.52776E+03
    0.49148E+00    0.51655E+03
    0.50141E+00    0.50576E+03
    0.51153E+00    0.49524E+03
    0.52187E+00    0.48491E+03
    0.53241E+00    0.47479E+03
    0.54317E+00    0.46492E+03
    0.55414E+00    0.45537E+03
    0.56533E+00    0.44608E+03
    0.57675E+00    0.43702E+03
    0.58840E+00    0.42818E+03
    0.60029E+00    0.41954E+03
    0.61242E+00    0.41112E+03
    0.62479E+00    0.40289E+03
    0.63741E+00    0.39485E+03
    0.65029E+00    0.38700E+03
    0.66342E+00    0.37932E+03
    0.67683E+00    0.37181E+03
    0.69050E+00    0.36447E+03
    0.70445E+00    0.35728E+03
    0.71868E+00    0.35024E+03
    0.73320E+00    0.34335E+03
    0.74801E+00    0.33660E+03
    0.76312E+00    0.32998E+03
    0.77854E+00    0.32350E+03
    0.79426E+00    0.31714E+03
    0.81031E+00    0.31090E+03
    0.82668E+00    0.30477E+03
    0.84338E+00    0.29876E+03
    0.86041E+00    0.29286E+03
    0.87780E+00    0.28707E+03
    0.89553E+00    0.28138E+03
    0.91362E+00    0.27578E+03
    0.93208E+00    0.27029E+03
    0.95091E+00    0.26488E+03
    0.97011E+00    0.25957E+03
    0.98971E+00    0.25435E+03
    0.10097E+01    0.24921E+03
    0.10301E+01    0.24415E+03
    0.10509E+01    0.23918E+03
    0.10721E+01    0.23428E+03
    0.10938E+01    0.22946E+03
    0.11159E+01    0.22472E+03
    0.11384E+01    0.22005E+03
    0.11614E+01    0.21545E+03
    0.11849E+01    0.21093E+03
    0.12088E+01    0.20647E+03
    0.12333E+01    0.20208E+03
    0.12582E+01    0.19776E+03
    0.12836E+01    0.19350E+03
    0.13095E+01    0.18931E+03
    0.13360E+01    0.18518E+03
    0.13630E+01    0.18111E+03
    0.13905E+01    0.17711E+03
    0.14186E+01    0.17317E+03
    0.14472E+01    0.16928E+03
    0.14765E+01    0.16546E+03
    0.15063E+01    0.16169E+03
    0.15367E+01    0.15798E+03
    0.15678E+01    0.15433E+03
    0.15994E+01    0.15074E+03
    0.16318E+01    0.14720E+03
    0.16647E+01    0.14371E+03
    0.16984E+01    0.14028E+03
    0.17327E+01    0.13691E+03
    0.17677E+01    0.13359E+03
    0.18034E+01    0.13032E+03
    0.18398E+01    0.12711E+03
    0.18770E+01    0.12395E+03
    0.19149E+01    0.12084E+03
    0.19536E+01    0.11778E+03
    0.19930E+01    0.11478E+03
    0.20333E+01    0.11183E+03
    0.20744E+01    0.10893E+03
    0.21163E+01    0.10608E+03
    0.21590E+01    0.10328E+03
    0.22026E+01    0.10053E+03
    0.22471E+01    0.97829E+02
    0.22925E+01    0.95180E+02
    0.23388E+01    0.92580E+02
    0.23861E+01    0.90031E+02
    0.24343E+01    0.87530E+02
    0.24835E+01    0.85078E+02
    0.25336E+01    0.82674E+02
    0.25848E+01    0.80319E+02
    0.26370E+01    0.78012E+02
    0.26903E+01    0.75752E+02
    0.27447E+01    0.73540E+02
    0.28001E+01    0.71375E+02
    0.28567E+01    0.69257E+02
    0.29144E+01    0.67186E+02
    0.29733E+01    0.65160E+02
    0.30333E+01    0.63181E+02
    0.30946E+01    0.61246E+02
    0.31571E+01    0.59356E+02
    0.32209E+01    0.57511E+02
    0.32860E+01    0.55710E+02
    0.33523E+01    0.53953E+02
    0.34201E+01    0.52238E+02
    0.34892E+01    0.50567E+02
    0.35596E+01    0.48937E+02
    0.36316E+01    0.47349E+02
    0.37049E+01    0.45802E+02
    0.37798E+01    0.44296E+02
    0.38561E+01    0.42830E+02
    0.39340E+01    0.41402E+02
    0.40135E+01    0.40014E+02
    0.40946E+01    0.38664E+02
    0.41773E+01    0.37351E+02
    0.42617E+01    0.36075E+02
    0.43478E+01    0.34836E+02
    0.44356E+01    0.33632E+02
    0.45252E+01    0.32463E+02
    0.46166E+01    0.31328E+02
    0.47099E+01    0.30226E+02
    0.48050E+01    0.29158E+02
    0.49021E+01    0.28122E+02
    0.50011E+01    0.27118E+02
    0.51021E+01    0.26144E+02
    0.52052E+01    0.25201E+02
    0.53104E+01    0.24287E+02
    0.54176E+01    0.23402E+02
    0.55271E+01    0.22545E+02
    0.56387E+01    0.21716E+02
    0.57526E+01    0.20914E+02
    0.58689E+01    0.20137E+02
    0.59874E+01    0.19387E+02
    0.61084E+01    0.18661E+02
    0.62318E+01    0.17959E+02
    0.63577E+01    0.17281E+02
    0.64861E+01    0.16626E+02
    0.66171E+01    0.15993E+02
    0.67508E+01    0.15382E+02
    0.68872E+01    0.14792E+02
    0.70263E+01    0.14223E+02
    0.71682E+01    0.13673E+02
    0.73130E+01    0.13143E+02
    0.74608E+01    0.12632E+02
    0.76115E+01    0.12139E+02
    0.77653E+01    0.11663E+02
    0.79221E+01    0.11205E+02
    0.80822E+01    0.10763E+02
    0.82454E+01    0.10338E+02
    0.84120E+01    0.99279E+01
    0.85819E+01    0.95332E+01
    0.87553E+01    0.91530E+01
    0.89322E+01    0.87869E+01
    0.91126E+01    0.84345E+01
    0.92967E+01    0.80951E+01
    0.94845E+01    0.77685E+01
    0.96761E+01    0.74541E+01
    0.98716E+01    0.71515E+01
    0.10071E+02    0.68604E+01
    0.10274E+02    0.65803E+01
    0.10482E+02    0.63110E+01
    0.10694E+02    0.60521E+01
    0.10910E+02    0.58034E+01
    0.11130E+02    0.55644E+01
    0.11355E+02    0.53350E+01
    0.11584E+02    0.51149E+01
    0.11818E+02    0.49036E+01
    0.12057E+02    0.47010E+01
